N	V
0	1
1	2
2	3
3	4
4	5
5	5
6	6
7	7
8	8
9	9
10	10
11	11
12	12
13	13
14	14
15	14
16	15
17	15
18	16
19	17
20	17
21	18
22	19
23	19
24	20
25	21
26	21
27	22
28	23
29	24
30	25
31	26
32	27
33	28
34	29
35	29
36	30
37	31
38	31
39	31
40	31
41	31
42	31
43	31
44	31
45	31
46	31
47	31
48	31
49	32
50	33
51	33
52	33
53	33
54	34
55	34
56	35
57	36
58	37
59	37
60	38
61	38
62	39
63	40
64	41
65	41
66	42
67	42
68	42
69	42
70	43
71	43
72	43
73	43
74	43
75	43
76	43
77	43
78	44
79	44
80	44
81	45
82	45
83	45
84	45
85	46
86	46
87	47
88	48
89	48
90	49
91	49
92	49
93	50
94	50
95	50
96	50
97	50
98	50
99	50
100	50
101	50
102	50
103	50
104	50
105	50
106	50
107	51
108	52
109	52
110	53
111	54
112	54
113	55
114	56
115	57
116	58
117	59
118	59
119	60
120	60
121	61
122	62
123	62
124	63
125	63
126	64
127	64
128	65
129	66
130	67
131	68
132	69
133	70
134	71
135	72
136	72
137	72
138	73
139	73
140	74
141	75
142	76
143	77
144	77
145	77
146	77
147	78
148	78
149	79
150	80
151	81
152	82
153	82
154	83
155	83
156	84
157	84
158	85
159	85
160	86
161	87
162	88
163	89
164	90
165	91
166	92
167	93
168	94
169	95
170	95
171	96
172	97
173	98
174	99
175	100
176	101
177	102
178	103
179	104
180	105
181	106
182	107
183	108
184	108
185	108
186	108
187	109
188	110
189	111
190	112
191	113
192	113
193	114
194	114
195	115
196	116
197	117
198	118
199	118
200	119
201	119
202	120
203	121
204	121
205	122
206	123
207	124
208	124
209	125
210	126
211	126
212	126
213	126
214	127
215	127
216	128
217	128
218	129
219	130
220	130
221	130
222	130
223	130
224	130
225	130
226	131
227	131
228	131
229	132
230	132
231	132
232	132
233	132
234	133
235	133
236	133
237	133
238	133
239	133
240	133
241	133
242	134
243	135
244	136
245	136
246	136
247	136
248	136
249	136
250	136
251	137
252	138
253	139
254	139
255	140
256	140
257	140
258	141
259	142
260	143
261	144
262	145
263	146
264	147
265	148
266	149
267	150
268	151
269	152
270	152
271	153
272	153
273	154
274	154
275	155
276	156
277	157
278	158
279	159
280	160
281	160
282	160
283	161
284	162
285	163
286	164
287	164
288	165
289	166
290	166
291	167
292	168
293	169
294	170
295	170
296	171
297	172
298	173
299	174
300	174
301	174
302	174
303	175
304	175
305	176
306	177
307	178
308	179
309	180
310	181
311	182
312	183
313	184
314	185
315	186
316	186
317	187
318	187
319	188
320	189
321	190
322	190
323	191
324	192
325	193
326	194
327	195
328	195
329	195
330	196
331	196
332	197
333	198
334	198
335	199
336	199
337	200
338	200
339	201
340	202
341	203
342	204
343	204
344	204
345	205
346	206
347	207
348	208
349	208
350	209
351	210
352	210
353	211
354	212
355	213
356	214
357	215
358	216
359	217
360	218
361	219
362	220
363	220
364	221
365	222
366	222
367	223
368	223
369	224
370	225
371	226
372	227
373	227
374	228
375	228
376	229
377	230
378	231
379	232
380	232
381	233
382	234
383	235
384	235
385	236
386	237
387	238
388	238
389	239
390	239
391	239
392	239
393	239
394	239
395	239
396	239
397	239
398	239
399	240
400	241
401	242
402	243
403	244
404	245
405	245
406	245
407	245
408	245
409	245
410	245
411	245
412	245
413	245
414	245
415	246
416	247
417	248
418	248
419	249
420	250
421	251
422	252
423	253
424	254
425	255
426	256
427	257
428	257
429	257
430	258
431	259
432	259
433	259
434	259
435	260
436	261
437	261
438	262
439	263
440	264
441	265
442	266
443	267
444	268
445	269
446	269
447	269
448	270
449	271
450	272
451	272
452	273
453	274
454	275
455	276
456	276
457	277
458	278
459	279
460	279
461	280
462	281
463	282
464	283
465	284
466	284
467	284
468	285
469	286
470	287
471	288
472	289
473	290
474	290
475	291
476	292
477	292
478	292
479	293
480	293
481	294
482	294
483	294
484	294
485	294
486	295
487	295
488	296
489	296
490	296
491	296
492	296
493	297
494	297
495	298
496	299
497	299
498	300
499	301
500	302
501	303
502	304
503	305
504	306
505	307
506	308
507	309
508	309
509	310
510	311
511	311
512	312
513	313
514	313
515	314
516	315
517	315
518	315
519	316
520	316
521	317
522	318
523	319
524	320
525	321
526	322
527	323
528	323
529	323
530	324
531	325
532	326
533	326
534	326
535	327
536	327
537	327
538	328
539	328
540	329
541	330
542	331
543	332
544	333
545	334
546	335
547	336
548	337
549	337
550	338
551	338
552	339
553	340
554	340
555	341
556	342
557	343
558	344
559	344
560	345
561	346
562	347
563	348
564	349
565	349
566	350
567	351
568	351
569	352
570	353
571	354
572	354
573	355
574	355
575	356
576	356
577	357
578	358
579	359
580	359
581	359
582	360
583	361
584	362
585	363
586	363
587	364
588	365
589	366
590	367
591	368
592	369
593	369
594	369
595	370
596	371
597	371
598	372
599	373
600	373
601	374
602	374
603	374
604	374
605	375
606	376
607	376
608	376
609	377
610	378
611	379
612	380
613	381
614	382
615	382
616	383
617	384
618	384
619	384
620	384
621	385
622	385
623	386
624	387
625	387
626	387
627	388
628	388
629	389
630	389
631	390
632	390
633	391
634	392
635	392
636	392
637	392
638	393
639	393
640	394
641	394
642	395
643	396
644	396
645	396
646	397
647	397
648	397
649	398
650	399
651	400
652	400
653	400
654	401
655	401
656	401
657	401
658	402
659	402
660	402
661	402
662	403
663	404
664	405
665	406
666	406
667	407
668	408
669	408
670	409
671	409
672	410
673	411
674	411
675	412
676	412
677	413
678	414
679	414
680	414
681	414
682	415
683	416
684	416
685	417
686	417
687	417
688	418
689	418
690	419
691	420
692	420
693	421
694	421
695	421
696	421
697	421
698	422
699	422
700	423
701	424
702	424
703	425
704	425
705	426
706	427
707	428
708	429
709	430
710	431
711	431
712	431
713	432
714	432
715	433
716	434
717	434
718	435
719	436
720	436
721	436
722	436
723	437
724	438
725	439
726	439
727	440
728	440
729	441
730	441
731	441
732	441
733	442
734	442
735	443
736	443
737	444
738	444
739	444
740	444
741	444
742	445
743	446
744	446
745	446
746	446
747	447
748	448
749	449
750	449
751	450
752	451
753	452
754	453
755	453
756	453
757	454
758	455
759	456
760	456
761	457
762	458
763	458
764	458
765	458
766	459
767	460
768	461
769	462
770	462
771	462
772	462
773	463
774	464
775	464
776	464
777	465
778	465
779	466
780	466
781	467
782	467
783	467
784	467
785	467
786	468
787	469
788	470
789	470
790	470
791	471
792	472
793	473
794	473
795	474
796	474
797	475
798	476
799	476
800	476
801	476
802	476
803	477
804	477
805	478
806	479
807	480
808	480
809	480
810	480
811	480
812	481
813	481
814	481
815	482
816	482
817	483
818	484
819	484
820	484
821	484
822	484
823	484
824	484
825	485
826	485
827	485
828	485
829	486
830	486
831	486
832	487
833	487
834	487
835	487
836	487
837	487
838	487
839	487
840	487
841	488
842	488
843	489
844	489
845	489
846	489
847	489
848	489
849	490
850	490
851	491
852	491
853	492
854	492
855	492
856	492
857	493
858	494
859	494
860	495
861	496
862	496
863	496
864	497
865	498
866	498
867	498
868	498
869	498
870	498
871	498
872	499
873	499
874	499
875	499
876	500
877	500
878	501
879	502
880	502
881	502
882	502
883	502
884	503
885	503
886	503
887	503
888	504
889	505
890	506
891	507
892	507
893	508
894	509
895	509
896	510
897	510
898	511
899	512
900	513
901	513
902	513
903	514
904	515
905	516
906	516
907	517
908	517
909	517
910	517
911	518
912	518
913	519
914	520
915	520
916	521
917	521
918	521
919	521
920	522
921	523
922	524
923	525
924	525
925	525
926	525
927	526
928	526
929	527
930	528
931	529
932	530
933	530
934	531
935	532
936	532
937	533
938	534
939	534
940	535
941	536
942	537
943	537
944	538
945	539
946	539
947	540
948	540
949	541
950	541
951	542
952	543
953	544
954	544
955	544
956	545
957	545
958	545
959	546
960	547
961	548
962	549
963	549
964	549
965	549
966	549
967	550
968	550
969	550
970	551
971	552
972	552
973	552
974	553
975	554
976	554
977	554
978	554
979	554
980	554
981	554
982	555
983	555
984	555
985	556
986	556
987	557
988	557
989	558
990	558
991	558
992	558
993	558
994	559
995	559
996	559
997	559
998	559
999	560
1000	560
1001	560
1002	561
1003	561
1004	561
1005	561
1006	561
1007	561
1008	561
1009	562
1010	563
1011	563
1012	563
1013	563
1014	564
1015	564
1016	565
1017	566
1018	566
1019	566
1020	566
1021	566
1022	566
1023	566
1024	566
1025	566
1026	567
1027	567
1028	568
1029	568
1030	569
1031	569
1032	570
1033	571
1034	572
1035	573
1036	573
1037	574
1038	575
1039	575
1040	575
1041	576
1042	577
1043	577
1044	578
1045	579
1046	580
1047	581
1048	581
1049	582
1050	583
1051	583
1052	583
1053	584
1054	584
1055	585
1056	586
1057	587
1058	588
1059	588
1060	588
1061	588
1062	588
1063	588
1064	588
1065	588
1066	588
1067	588
1068	588
1069	588
1070	589
1071	589
1072	590
1073	590
1074	590
1075	590
1076	590
1077	590
1078	590
1079	590
1080	590
1081	590
1082	590
1083	590
1084	590
1085	590
1086	591
1087	592
1088	593
1089	593
1090	594
1091	594
1092	594
1093	595
1094	596
1095	596
1096	596
1097	597
1098	597
1099	597
1100	597
1101	598
1102	598
1103	598
1104	598
1105	598
1106	599
1107	599
1108	599
1109	600
1110	601
1111	601
1112	602
1113	602
1114	603
1115	604
1116	605
1117	606
1118	606
1119	607
1120	607
1121	607
1122	607
1123	607
1124	608
1125	609
1126	609
1127	609
1128	609
1129	610
1130	610
1131	610
1132	611
1133	611
1134	612
1135	613
1136	613
1137	613
1138	613
1139	613
1140	614
1141	614
1142	614
1143	614
1144	614
1145	614
1146	615
1147	616
1148	616
1149	617
1150	618
1151	618
1152	619
1153	619
1154	619
1155	620
1156	620
1157	620
1158	621
1159	621
1160	621
1161	622
1162	622
1163	623
1164	623
1165	624
1166	624
1167	624
1168	624
1169	625
1170	626
1171	626
1172	626
1173	627
1174	628
1175	628
1176	628
1177	628
1178	628
1179	628
1180	629
1181	629
1182	630
1183	630
1184	630
1185	630
1186	630
1187	630
1188	630
1189	630
1190	630
1191	631
1192	632
1193	632
1194	632
1195	632
1196	632
1197	632
1198	632
1199	633
1200	633
1201	633
1202	633
1203	633
1204	633
1205	633
1206	634
1207	634
1208	634
1209	634
1210	635
1211	635
1212	636
1213	637
1214	638
1215	639
1216	640
1217	641
1218	641
1219	642
1220	643
1221	643
1222	643
1223	644
1224	644
1225	644
1226	645
1227	646
1228	647
1229	647
1230	648
1231	649
1232	650
1233	650
1234	650
1235	650
1236	651
1237	652
1238	653
1239	653
1240	654
1241	654
1242	654
1243	655
1244	655
1245	655
1246	656
1247	657
1248	657
1249	657
1250	657
1251	657
1252	657
1253	657
1254	657
1255	657
1256	657
1257	657
1258	657
1259	657
1260	657
1261	657
1262	657
1263	657
1264	657
1265	658
1266	658
1267	658
1268	659
1269	660
1270	661
1271	662
1272	662
1273	662
1274	662
1275	662
1276	662
1277	663
1278	664
1279	664
1280	664
1281	664
1282	664
1283	665
1284	665
1285	665
1286	665
1287	665
1288	666
1289	667
1290	668
1291	668
1292	669
1293	669
1294	669
1295	669
1296	670
1297	671
1298	671
1299	672
1300	672
1301	672
1302	673
1303	674
1304	674
1305	674
1306	674
1307	675
1308	675
1309	676
1310	677
1311	678
1312	679
1313	680
1314	681
1315	681
1316	681
1317	681
1318	681
1319	681
1320	681
1321	681
1322	681
1323	681
1324	681
1325	681
1326	682
1327	682
1328	682
1329	682
1330	683
1331	684
1332	684
1333	685
1334	686
1335	686
1336	687
1337	687
1338	687
1339	687
1340	687
1341	687
1342	687
1343	687
1344	687
1345	688
1346	689
1347	690
1348	690
1349	690
1350	691
1351	691
1352	691
1353	691
1354	691
1355	691
1356	691
1357	691
1358	691
1359	691
1360	691
1361	691
1362	691
1363	691
1364	691
1365	692
1366	692
1367	692
1368	693
1369	694
1370	694
1371	694
1372	694
1373	694
1374	695
1375	695
1376	695
1377	696
1378	696
1379	696
1380	696
1381	696
1382	696
1383	696
1384	697
1385	697
1386	697
1387	698
1388	699
1389	700
1390	700
1391	701
1392	701
1393	701
1394	701
1395	701
1396	702
1397	702
1398	702
1399	702
1400	702
1401	702
1402	702
1403	702
1404	703
1405	703
1406	704
1407	704
1408	704
1409	705
1410	705
1411	705
1412	705
1413	706
1414	707
1415	707
1416	707
1417	707
1418	707
1419	707
1420	707
1421	707
1422	707
1423	707
1424	708
1425	708
1426	708
1427	708
1428	709
1429	709
1430	709
1431	709
1432	709
1433	710
1434	710
1435	710
1436	710
1437	710
1438	711
1439	711
1440	711
1441	711
1442	711
1443	712
1444	713
1445	714
1446	714
1447	714
1448	714
1449	715
1450	716
1451	717
1452	717
1453	717
1454	717
1455	717
1456	718
1457	719
1458	719
1459	719
1460	720
1461	721
1462	721
1463	721
1464	721
1465	721
1466	722
1467	722
1468	722
1469	722
1470	722
1471	722
1472	722
1473	722
1474	723
1475	723
1476	724
1477	725
1478	725
1479	725
1480	725
1481	725
1482	725
1483	725
1484	726
1485	727
1486	728
1487	729
1488	729
1489	729
1490	729
1491	729
1492	730
1493	731
1494	732
1495	733
1496	733
1497	733
1498	733
1499	733
1500	733
1501	733
1502	733
1503	734
1504	734
1505	734
1506	734
1507	734
1508	734
1509	735
1510	736
1511	737
1512	737
1513	737
1514	737
1515	737
1516	737
1517	737
1518	737
1519	737
1520	737
1521	737
1522	738
1523	739
1524	739
1525	739
1526	739
1527	739
1528	740
1529	740
1530	741
1531	742
1532	742
1533	742
1534	742
1535	743
1536	743
1537	744
1538	745
1539	746
1540	747
1541	748
1542	749
1543	749
1544	749
1545	749
1546	749
1547	750
1548	750
1549	751
1550	751
1551	752
1552	753
1553	754
1554	755
1555	756
1556	757
1557	757
1558	758
1559	759
1560	760
1561	761
1562	761
1563	761
1564	762
1565	763
1566	764
1567	765
1568	765
1569	765
1570	766
1571	767
1572	767
1573	768
1574	769
1575	769
1576	769
1577	770
1578	770
1579	771
1580	772
1581	773
1582	774
1583	774
1584	774
1585	775
1586	776
1587	777
1588	778
1589	779
1590	779
1591	780
1592	781
1593	782
1594	783
1595	784
1596	785
1597	786
1598	786
1599	787
1600	788
1601	789
1602	789
1603	790
1604	791
1605	792
1606	792
1607	792
1608	793
1609	793
1610	794
1611	794
1612	795
1613	795
1614	796
1615	797
1616	798
1617	799
1618	800
1619	801
1620	801
1621	802
1622	803
1623	804
1624	804
1625	805
1626	805
1627	805
1628	806
1629	806
1630	807
1631	808
1632	808
1633	809
1634	809
1635	810
1636	810
1637	811
1638	812
1639	812
1640	813
1641	814
1642	815
1643	816
1644	817
1645	817
1646	817
1647	818
1648	818
1649	819
1650	820
1651	820
1652	821
1653	822
1654	823
1655	824
1656	825
1657	826
1658	827
1659	827
1660	828
1661	828
1662	828
1663	829
1664	830
1665	830
1666	831
1667	831
1668	831
1669	832
1670	833
1671	834
1672	835
1673	836
1674	836
1675	837
1676	838
1677	838
1678	839
1679	840
1680	841
1681	842
1682	842
1683	842
1684	842
1685	842
1686	843
1687	844
1688	845
1689	846
1690	847
1691	848
1692	848
1693	849
1694	850
1695	851
1696	852
1697	853
1698	854
1699	854
1700	855
1701	855
1702	855
1703	856
1704	856
1705	857
1706	857
1707	857
1708	857
1709	858
1710	858
1711	859
1712	860
1713	860
1714	861
1715	861
1716	862
1717	863
1718	864
1719	864
1720	865
1721	865
1722	866
1723	867
1724	868
1725	868
1726	868
1727	869
1728	870
1729	871
1730	872
1731	872
1732	872
1733	872
1734	873
1735	874
1736	875
1737	875
1738	875
1739	876
1740	876
1741	877
1742	877
1743	877
1744	877
1745	878
1746	878
1747	878
1748	878
1749	879
1750	880
1751	880
1752	881
1753	881
1754	881
1755	882
1756	883
1757	884
1758	884
1759	884
1760	885
1761	886
1762	887
1763	888
1764	888
1765	889
1766	889
1767	889
1768	890
1769	891
1770	892
1771	892
1772	892
1773	893
1774	894
1775	895
1776	895
1777	895
1778	896
1779	897
1780	898
1781	899
1782	900
1783	901
1784	902
1785	902
1786	903
1787	903
1788	904
1789	905
1790	905
1791	906
1792	907
1793	908
1794	908
1795	908
1796	909
1797	910
1798	911
1799	912
1800	912
1801	913
1802	913
1803	914
1804	914
1805	915
1806	916
1807	916
1808	916
1809	916
1810	917
1811	918
1812	918
1813	919
1814	920
1815	921
1816	922
1817	922
1818	922
1819	923
1820	924
1821	925
1822	926
1823	927
1824	928
1825	929
1826	930
1827	930
1828	930
1829	931
1830	931
1831	931
1832	931
1833	931
1834	931
1835	932
1836	933
1837	934
1838	935
1839	935
1840	935
1841	936
1842	937
1843	937
1844	937
1845	937
1846	937
1847	938
1848	938
1849	938
1850	938
1851	939
1852	940
1853	940
1854	941
1855	941
1856	941
1857	941
1858	941
1859	941
1860	941
1861	942
1862	943
1863	944
1864	945
1865	946
1866	946
1867	946
1868	947
1869	948
1870	948
1871	948
1872	948
1873	948
1874	948
1875	949
1876	949
1877	949
1878	950
1879	951
1880	952
1881	952
1882	952
1883	953
1884	954
1885	954
1886	954
1887	955
1888	956
1889	957
1890	957
1891	958
1892	959
1893	959
1894	959
1895	959
1896	960
1897	960
1898	960
1899	960
1900	960
1901	960
1902	960
1903	960
1904	960
1905	960
1906	960
1907	961
1908	961
1909	962
1910	962
1911	963
1912	964
1913	964
1914	965
1915	966
1916	967
1917	967
1918	967
1919	967
1920	967
1921	967
1922	967
1923	967
1924	967
1925	967
1926	967
1927	967
1928	967
1929	967
1930	968
1931	968
1932	968
1933	969
1934	970
1935	971
1936	972
1937	973
1938	973
1939	974
1940	975
1941	975
1942	976
1943	977
1944	978
1945	979
1946	980
1947	981
1948	982
1949	983
1950	984
1951	985
1952	986
1953	986
1954	986
1955	987
1956	988
1957	989
1958	990
1959	991
1960	992
1961	992
1962	993
1963	994
1964	995
1965	995
1966	996
1967	997
1968	997
1969	997
1970	997
1971	998
1972	999
1973	999
1974	999
1975	999
1976	1000
1977	1000
1978	1000
1979	1000
1980	1001
1981	1001
1982	1001
1983	1001
1984	1002
1985	1002
1986	1002
1987	1002
1988	1003
1989	1004
1990	1004
1991	1005
1992	1005
1993	1005
1994	1005
1995	1005
1996	1005
1997	1006
1998	1006
1999	1007
2000	1008
2001	1008
2002	1009
2003	1010
2004	1010
2005	1010
2006	1011
2007	1012
2008	1013
2009	1014
2010	1014
2011	1015
2012	1015
2013	1015
2014	1015
2015	1016
2016	1017
2017	1018
2018	1019
2019	1019
2020	1019
2021	1019
2022	1019
2023	1019
2024	1020
2025	1021
2026	1021
2027	1021
2028	1021
2029	1021
2030	1021
2031	1021
2032	1021
2033	1021
2034	1021
2035	1022
2036	1023
2037	1023
2038	1024
2039	1025
2040	1026
2041	1027
2042	1028
2043	1029
2044	1029
2045	1029
2046	1030
2047	1030
2048	1031
2049	1032
2050	1032
2051	1033
2052	1033
2053	1033
2054	1034
2055	1034
2056	1035
2057	1035
2058	1035
2059	1036
2060	1036
2061	1036
2062	1036
2063	1037
2064	1037
2065	1037
2066	1038
2067	1038
2068	1039
2069	1040
2070	1041
2071	1041
2072	1041
2073	1042
2074	1043
2075	1044
2076	1044
2077	1045
2078	1045
2079	1045
2080	1045
2081	1045
2082	1046
2083	1046
2084	1046
2085	1046
2086	1046
2087	1046
2088	1047
2089	1048
2090	1048
2091	1048
2092	1048
2093	1049
2094	1050
2095	1050
2096	1050
2097	1050
2098	1050
2099	1050
2100	1051
2101	1052
2102	1052
2103	1053
2104	1053
2105	1054
2106	1055
2107	1056
2108	1057
2109	1057
2110	1058
2111	1059
2112	1060
2113	1061
2114	1062
2115	1062
2116	1062
2117	1062
2118	1062
2119	1063
2120	1063
2121	1063
2122	1064
2123	1065
2124	1066
2125	1067
2126	1068
2127	1069
2128	1070
2129	1070
2130	1070
2131	1070
2132	1070
2133	1070
2134	1070
2135	1071
2136	1072
2137	1073
2138	1073
2139	1074
2140	1074
2141	1074
2142	1074
2143	1075
2144	1076
2145	1076
2146	1077
2147	1077
2148	1077
2149	1078
2150	1078
2151	1078
2152	1078
2153	1079
2154	1080
2155	1081
2156	1081
2157	1082
2158	1083
2159	1083
2160	1084
2161	1084
2162	1084
2163	1085
2164	1085
2165	1085
2166	1085
2167	1086
2168	1086
2169	1086
2170	1086
2171	1086
2172	1086
2173	1086
2174	1087
2175	1088
2176	1089
2177	1090
2178	1091
2179	1092
2180	1092
2181	1092
2182	1092
2183	1093
2184	1094
2185	1095
2186	1095
2187	1096
2188	1097
2189	1098
2190	1099
2191	1099
2192	1100
2193	1100
2194	1101
2195	1101
2196	1102
2197	1103
2198	1103
2199	1104
2200	1105
2201	1105
2202	1106
2203	1107
2204	1108
2205	1109
2206	1109
2207	1110
2208	1111
2209	1111
2210	1111
2211	1111
2212	1111
2213	1111
2214	1112
2215	1112
2216	1113
2217	1114
2218	1115
2219	1115
2220	1115
2221	1115
2222	1115
2223	1116
2224	1117
2225	1117
2226	1117
2227	1117
2228	1118
2229	1119
2230	1119
2231	1120
2232	1121
2233	1121
2234	1121
2235	1121
2236	1122
2237	1123
2238	1123
2239	1123
2240	1124
2241	1125
2242	1125
2243	1126
2244	1126
2245	1127
2246	1128
2247	1129
2248	1129
2249	1130
2250	1130
2251	1130
2252	1130
2253	1130
2254	1131
2255	1131
2256	1132
2257	1133
2258	1133
2259	1133
2260	1133
2261	1134
2262	1134
2263	1135
2264	1136
2265	1137
2266	1137
2267	1138
2268	1138
2269	1138
2270	1139
2271	1140
2272	1140
2273	1140
2274	1141
2275	1142
2276	1143
2277	1143
2278	1143
2279	1144
2280	1145
2281	1146
2282	1147
2283	1147
2284	1147
2285	1147
2286	1148
2287	1148
2288	1149
2289	1150
2290	1150
2291	1150
2292	1151
2293	1152
2294	1152
2295	1152
2296	1153
2297	1153
2298	1154
2299	1155
2300	1156
2301	1156
2302	1157
2303	1157
2304	1158
2305	1159
2306	1160
2307	1160
2308	1161
2309	1161
2310	1161
2311	1161
2312	1162
2313	1162
2314	1162
2315	1162
2316	1163
2317	1164
2318	1165
2319	1166
2320	1166
2321	1167
2322	1168
2323	1168
2324	1168
2325	1168
2326	1168
2327	1169
2328	1169
2329	1170
2330	1170
2331	1170
2332	1171
2333	1172
2334	1172
2335	1172
2336	1172
2337	1172
2338	1172
2339	1172
2340	1173
2341	1173
2342	1174
2343	1175
2344	1176
2345	1177
2346	1178
2347	1178
2348	1179
2349	1179
2350	1179
2351	1179
2352	1179
2353	1179
2354	1179
2355	1179
2356	1179
2357	1180
2358	1181
2359	1182
2360	1182
2361	1182
2362	1183
2363	1184
2364	1184
2365	1185
2366	1186
2367	1187
2368	1188
2369	1188
2370	1188
2371	1188
2372	1188
2373	1189
2374	1190
2375	1191
2376	1192
2377	1192
2378	1192
2379	1192
2380	1192
2381	1193
2382	1194
2383	1195
2384	1196
2385	1196
2386	1197
2387	1197
2388	1198
2389	1198
2390	1198
2391	1198
2392	1199
2393	1200
2394	1201
2395	1201
2396	1202
2397	1202
2398	1203
2399	1203
2400	1204
2401	1204
2402	1204
2403	1205
2404	1206
2405	1207
2406	1207
2407	1208
2408	1209
2409	1209
2410	1210
2411	1211
2412	1211
2413	1211
2414	1211
2415	1212
2416	1213
2417	1214
2418	1214
2419	1214
2420	1215
2421	1216
2422	1216
2423	1216
2424	1216
2425	1216
2426	1216
2427	1217
2428	1218
2429	1218
2430	1219
2431	1219
2432	1220
2433	1220
2434	1220
2435	1221
2436	1222
2437	1223
2438	1223
2439	1224
2440	1225
2441	1225
2442	1225
2443	1226
2444	1226
2445	1227
2446	1227
2447	1227
2448	1227
2449	1227
2450	1228
2451	1228
2452	1229
2453	1229
2454	1230
2455	1231
2456	1231
2457	1232
2458	1232
2459	1232
2460	1233
2461	1234
2462	1234
2463	1235
2464	1235
2465	1236
2466	1237
2467	1238
2468	1238
2469	1238
2470	1238
2471	1239
2472	1239
2473	1239
2474	1240
2475	1241
2476	1242
2477	1242
2478	1243
2479	1244
2480	1244
2481	1244
2482	1244
2483	1245
2484	1245
2485	1245
2486	1245
2487	1245
2488	1246
2489	1246
2490	1246
2491	1247
2492	1248
2493	1248
2494	1249
2495	1250
2496	1251
2497	1252
2498	1253
2499	1254
2500	1255
2501	1256
2502	1257
2503	1258
2504	1259
2505	1260
2506	1260
2507	1260
2508	1260
2509	1261
2510	1261
2511	1262
2512	1262
2513	1263
2514	1263
2515	1263
2516	1264
2517	1264
2518	1265
2519	1266
2520	1267
2521	1267
2522	1268
2523	1269
2524	1269
2525	1269
2526	1269
2527	1270
2528	1271
2529	1271
2530	1271
2531	1272
2532	1272
2533	1273
2534	1274
2535	1274
2536	1275
2537	1276
2538	1277
2539	1278
2540	1279
2541	1279
2542	1279
2543	1280
2544	1281
2545	1282
2546	1283
2547	1283
2548	1284
2549	1285
2550	1286
2551	1286
2552	1286
2553	1286
2554	1286
2555	1287
2556	1288
2557	1289
2558	1290
2559	1290
2560	1290
2561	1290
2562	1290
2563	1290
2564	1290
2565	1290
2566	1291
2567	1292
2568	1292
2569	1292
2570	1292
2571	1292
2572	1292
2573	1292
2574	1292
2575	1293
2576	1293
2577	1293
2578	1294
2579	1295
2580	1296
2581	1296
2582	1297
2583	1298
2584	1298
2585	1298
2586	1299
2587	1300
2588	1300
2589	1301
2590	1302
2591	1303
2592	1303
2593	1304
2594	1304
2595	1304
2596	1305
2597	1305
2598	1306
2599	1306
2600	1307
2601	1308
2602	1308
2603	1308
2604	1308
2605	1309
2606	1310
2607	1311
2608	1311
2609	1312
2610	1312
2611	1312
2612	1312
2613	1313
2614	1314
2615	1315
2616	1315
2617	1315
2618	1316
2619	1316
2620	1316
2621	1316
2622	1317
2623	1317
2624	1317
2625	1317
2626	1317
2627	1318
2628	1318
2629	1318
2630	1318
2631	1319
2632	1319
2633	1319
2634	1319
2635	1319
2636	1319
2637	1319
2638	1319
2639	1319
2640	1320
2641	1321
2642	1321
2643	1322
2644	1323
2645	1323
2646	1323
2647	1323
2648	1324
2649	1324
2650	1324
2651	1324
2652	1324
2653	1324
2654	1324
2655	1325
2656	1325
2657	1326
2658	1326
2659	1327
2660	1327
2661	1327
2662	1327
2663	1327
2664	1327
2665	1327
2666	1328
2667	1328
2668	1328
2669	1329
2670	1330
2671	1331
2672	1331
2673	1332
2674	1333
2675	1333
2676	1334
2677	1334
2678	1334
2679	1335
2680	1336
2681	1337
2682	1337
2683	1338
2684	1338
2685	1339
2686	1340
2687	1340
2688	1340
2689	1340
2690	1341
2691	1342
2692	1342
2693	1343
2694	1344
2695	1345
2696	1346
2697	1346
2698	1347
2699	1347
2700	1348
2701	1349
2702	1349
2703	1350
2704	1351
2705	1352
2706	1352
2707	1352
2708	1353
2709	1354
2710	1355
2711	1356
2712	1357
2713	1358
2714	1358
2715	1359
2716	1359
2717	1360
2718	1361
2719	1361
2720	1361
2721	1361
2722	1361
2723	1362
2724	1362
2725	1362
2726	1362
2727	1362
2728	1363
2729	1363
2730	1364
2731	1364
2732	1365
2733	1365
2734	1365
2735	1366
2736	1366
2737	1367
2738	1368
2739	1369
2740	1369
2741	1370
2742	1370
2743	1371
2744	1372
2745	1373
2746	1373
2747	1373
2748	1373
2749	1373
2750	1373
2751	1374
2752	1374
2753	1375
2754	1375
2755	1376
2756	1376
2757	1376
2758	1376
2759	1376
2760	1376
2761	1376
2762	1377
2763	1377
2764	1377
2765	1377
2766	1377
2767	1378
2768	1378
2769	1379
2770	1379
2771	1379
2772	1379
2773	1380
2774	1381
2775	1382
2776	1383
2777	1383
2778	1383
2779	1383
2780	1383
2781	1383
2782	1383
2783	1384
2784	1385
2785	1386
2786	1386
2787	1386
2788	1386
2789	1386
2790	1386
2791	1386
2792	1387
2793	1387
2794	1387
2795	1387
2796	1387
2797	1387
2798	1387
2799	1388
2800	1389
2801	1389
2802	1390
2803	1391
2804	1391
2805	1391
2806	1391
2807	1391
2808	1392
2809	1393
2810	1393
2811	1393
2812	1394
2813	1395
2814	1396
2815	1396
2816	1397
2817	1397
2818	1397
2819	1398
2820	1399
2821	1399
2822	1399
2823	1400
2824	1400
2825	1400
2826	1400
2827	1400
2828	1401
2829	1401
2830	1401
2831	1401
2832	1402
2833	1403
2834	1403
2835	1404
2836	1404
2837	1405
2838	1405
2839	1406
2840	1406
2841	1407
2842	1408
2843	1408
2844	1408
2845	1408
2846	1408
2847	1409
2848	1410
2849	1411
2850	1412
2851	1412
2852	1413
2853	1413
2854	1413
2855	1413
2856	1414
2857	1414
2858	1414
2859	1414
2860	1415
2861	1415
2862	1415
2863	1416
2864	1416
2865	1416
2866	1417
2867	1417
2868	1417
2869	1417
2870	1418
2871	1418
2872	1419
2873	1419
2874	1419
2875	1419
2876	1419
2877	1420
2878	1421
2879	1421
2880	1422
2881	1423
2882	1423
2883	1424
2884	1424
2885	1424
2886	1425
2887	1425
2888	1425
2889	1425
2890	1425
2891	1425
2892	1425
2893	1425
2894	1426
2895	1426
2896	1426
2897	1427
2898	1427
2899	1427
2900	1427
2901	1427
2902	1428
2903	1428
2904	1428
2905	1428
2906	1428
2907	1429
2908	1429
2909	1429
2910	1430
2911	1431
2912	1432
2913	1433
2914	1434
2915	1435
2916	1436
2917	1436
2918	1436
2919	1437
2920	1438
2921	1439
2922	1439
2923	1439
2924	1439
2925	1440
2926	1440
2927	1440
2928	1440
2929	1440
2930	1440
2931	1441
2932	1441
2933	1441
2934	1441
2935	1441
2936	1441
2937	1442
2938	1442
2939	1443
2940	1443
2941	1443
2942	1443
2943	1444
2944	1445
2945	1445
2946	1445
2947	1446
2948	1446
2949	1446
2950	1446
2951	1446
2952	1446
2953	1447
2954	1447
2955	1448
2956	1448
2957	1448
2958	1449
2959	1449
2960	1450
2961	1450
2962	1451
2963	1452
2964	1452
2965	1452
2966	1453
2967	1454
2968	1454
2969	1454
2970	1454
2971	1454
2972	1455
2973	1455
2974	1455
2975	1456
2976	1456
2977	1456
2978	1456
2979	1457
2980	1458
2981	1458
2982	1458
2983	1459
2984	1459
2985	1459
2986	1460
2987	1461
2988	1461
2989	1461
2990	1461
2991	1462
2992	1462
2993	1462
2994	1462
2995	1463
2996	1464
2997	1465
2998	1465
2999	1465
3000	1465
3001	1465
3002	1465
3003	1466
3004	1467
3005	1468
3006	1469
3007	1469
3008	1469
3009	1469
3010	1469
3011	1470
3012	1471
3013	1471
3014	1471
3015	1471
3016	1471
3017	1472
3018	1472
3019	1473
3020	1474
3021	1474
3022	1474
3023	1474
3024	1474
3025	1474
3026	1474
3027	1474
3028	1474
3029	1474
3030	1474
3031	1474
3032	1474
3033	1474
3034	1474
3035	1475
3036	1476
3037	1477
3038	1478
3039	1478
3040	1478
3041	1479
3042	1479
3043	1480
3044	1481
3045	1482
3046	1483
3047	1483
3048	1484
3049	1485
3050	1485
3051	1486
3052	1487
3053	1487
3054	1487
3055	1487
3056	1488
3057	1489
3058	1489
3059	1489
3060	1490
3061	1491
3062	1491
3063	1492
3064	1492
3065	1492
3066	1493
3067	1494
3068	1494
3069	1495
3070	1495
3071	1496
3072	1497
3073	1498
3074	1498
3075	1498
3076	1498
3077	1499
3078	1499
3079	1499
3080	1500
3081	1501
3082	1501
3083	1501
3084	1501
3085	1502
3086	1502
3087	1503
3088	1503
3089	1504
3090	1504
3091	1504
3092	1504
3093	1504
3094	1505
3095	1505
3096	1506
3097	1507
3098	1507
3099	1507
3100	1507
3101	1507
3102	1507
3103	1507
3104	1508
3105	1509
3106	1510
3107	1510
3108	1510
3109	1510
3110	1510
3111	1511
3112	1511
3113	1512
3114	1512
3115	1512
3116	1512
3117	1512
3118	1512
3119	1513
3120	1514
3121	1514
3122	1514
3123	1514
3124	1515
3125	1516
3126	1516
3127	1516
3128	1516
3129	1516
3130	1517
3131	1518
3132	1518
3133	1519
3134	1519
3135	1520
3136	1521
3137	1522
3138	1523
3139	1523
3140	1523
3141	1524
3142	1525
3143	1526
3144	1526
3145	1526
3146	1526
3147	1526
3148	1526
3149	1526
3150	1526
3151	1526
3152	1527
3153	1527
3154	1527
3155	1528
3156	1529
3157	1529
3158	1529
3159	1529
3160	1529
3161	1530
3162	1531
3163	1532
3164	1532
3165	1532
3166	1532
3167	1532
3168	1532
3169	1532
3170	1532
3171	1532
3172	1532
3173	1532
3174	1533
3175	1534
3176	1535
3177	1536
3178	1537
3179	1537
3180	1537
3181	1537
3182	1537
3183	1538
3184	1539
3185	1539
3186	1539
3187	1539
3188	1539
3189	1539
3190	1539
3191	1539
3192	1539
3193	1539
3194	1539
3195	1539
3196	1540
3197	1541
3198	1542
3199	1543
3200	1544
3201	1544
3202	1544
3203	1544
3204	1545
3205	1546
3206	1547
3207	1547
3208	1547
3209	1548
3210	1548
3211	1549
3212	1549
3213	1550
3214	1551
3215	1551
3216	1551
3217	1552
3218	1552
3219	1552
3220	1552
3221	1553
3222	1554
3223	1555
3224	1555
3225	1556
3226	1556
3227	1557
3228	1558
3229	1559
3230	1559
3231	1559
3232	1559
3233	1559
3234	1560
3235	1561
3236	1561
3237	1561
3238	1561
3239	1562
3240	1563
3241	1563
3242	1563
3243	1563
3244	1563
3245	1563
3246	1563
3247	1563
3248	1564
3249	1564
3250	1565
3251	1565
3252	1565
3253	1566
3254	1567
3255	1568
3256	1569
3257	1569
3258	1569
3259	1570
3260	1570
3261	1570
3262	1570
3263	1570
3264	1570
3265	1571
3266	1571
3267	1572
3268	1572
3269	1572
3270	1572
3271	1572
3272	1572
3273	1573
3274	1573
3275	1574
3276	1575
3277	1575
3278	1576
3279	1577
3280	1578
3281	1578
3282	1578
3283	1579
3284	1580
3285	1581
3286	1581
3287	1581
3288	1581
3289	1581
3290	1582
3291	1582
3292	1582
3293	1582
3294	1582
3295	1582
3296	1582
3297	1582
3298	1583
3299	1583
3300	1583
3301	1584
3302	1584
3303	1584
3304	1584
3305	1584
3306	1585
3307	1585
3308	1585
3309	1585
3310	1586
3311	1586
3312	1587
3313	1587
3314	1588
3315	1589
3316	1589
3317	1590
3318	1590
3319	1590
3320	1591
3321	1592
3322	1593
3323	1593
3324	1593
3325	1594
3326	1594
3327	1595
3328	1596
3329	1596
3330	1597
3331	1597
3332	1598
3333	1598
3334	1598
3335	1599
3336	1600
3337	1600
3338	1600
3339	1600
3340	1601
3341	1601
3342	1601
3343	1601
3344	1601
3345	1601
3346	1601
3347	1602
3348	1602
3349	1602
3350	1602
3351	1602
3352	1602
3353	1603
3354	1603
3355	1604
3356	1604
3357	1604
3358	1604
3359	1604
3360	1604
3361	1604
3362	1605
3363	1605
3364	1605
3365	1606
3366	1607
3367	1607
3368	1608
3369	1609
3370	1610
3371	1610
3372	1610
3373	1610
3374	1610
3375	1611
3376	1612
3377	1612
3378	1612
3379	1612
3380	1613
3381	1613
3382	1613
3383	1614
3384	1615
3385	1616
3386	1616
3387	1616
3388	1616
3389	1616
3390	1617
3391	1617
3392	1617
3393	1618
3394	1618
3395	1619
3396	1619
3397	1620
3398	1621
3399	1621
3400	1621
3401	1621
3402	1622
3403	1623
3404	1624
3405	1625
3406	1626
3407	1626
3408	1626
3409	1626
3410	1626
3411	1627
3412	1627
3413	1628
3414	1628
3415	1628
3416	1628
3417	1628
3418	1628
3419	1628
3420	1628
3421	1628
3422	1628
3423	1629
3424	1629
3425	1629
3426	1630
3427	1631
3428	1632
3429	1632
3430	1632
3431	1632
3432	1633
3433	1633
3434	1634
3435	1634
3436	1635
3437	1635
3438	1635
3439	1635
3440	1635
3441	1636
3442	1637
3443	1638
3444	1639
3445	1639
3446	1640
3447	1641
3448	1641
3449	1641
3450	1642
3451	1643
3452	1644
3453	1645
3454	1646
3455	1646
3456	1646
3457	1646
3458	1646
3459	1646
3460	1646
3461	1647
3462	1647
3463	1648
3464	1648
3465	1648
3466	1649
3467	1650
3468	1651
3469	1651
3470	1651
3471	1652
3472	1652
3473	1652
3474	1652
3475	1652
3476	1653
3477	1653
3478	1653
3479	1653
3480	1654
3481	1655
3482	1655
3483	1655
3484	1656
3485	1657
3486	1658
3487	1658
3488	1658
3489	1658
3490	1658
3491	1658
3492	1659
3493	1660
3494	1660
3495	1660
3496	1661
3497	1662
3498	1662
3499	1662
3500	1662
3501	1662
3502	1662
3503	1663
3504	1663
3505	1664
3506	1664
3507	1664
3508	1664
3509	1664
3510	1664
3511	1664
3512	1664
3513	1664
3514	1665
3515	1666
3516	1667
3517	1667
3518	1668
3519	1669
3520	1669
3521	1670
3522	1671
3523	1672
3524	1672
3525	1672
3526	1673
3527	1673
3528	1674
3529	1674
3530	1674
3531	1674
3532	1674
3533	1674
3534	1675
3535	1675
3536	1676
3537	1676
3538	1676
3539	1677
3540	1678
3541	1679
3542	1680
3543	1681
3544	1682
3545	1682
3546	1683
3547	1683
3548	1684
3549	1684
3550	1685
3551	1685
3552	1685
3553	1685
3554	1686
3555	1687
3556	1687
3557	1687
3558	1687
3559	1687
3560	1687
3561	1688
3562	1688
3563	1688
3564	1689
3565	1689
3566	1690
3567	1690
3568	1691
3569	1691
3570	1692
3571	1692
3572	1692
3573	1692
3574	1693
3575	1693
3576	1694
3577	1694
3578	1695
3579	1696
3580	1697
3581	1698
3582	1698
3583	1699
3584	1699
3585	1700
3586	1700
3587	1700
3588	1701
3589	1701
3590	1701
3591	1701
3592	1701
3593	1701
3594	1701
3595	1701
3596	1702
3597	1702
3598	1702
3599	1702
3600	1703
3601	1704
3602	1704
3603	1705
3604	1705
3605	1705
3606	1706
3607	1706
3608	1706
3609	1706
3610	1706
3611	1707
3612	1707
3613	1707
3614	1708
3615	1708
3616	1709
3617	1709
3618	1709
3619	1709
3620	1709
3621	1710
3622	1711
3623	1711
3624	1712
3625	1712
3626	1713
3627	1713
3628	1713
3629	1714
3630	1714
3631	1714
3632	1714
3633	1715
3634	1716
3635	1716
3636	1716
3637	1717
3638	1718
3639	1719
3640	1719
3641	1720
3642	1721
3643	1722
3644	1723
3645	1723
3646	1723
3647	1723
3648	1723
3649	1723
3650	1724
3651	1724
3652	1724
3653	1724
3654	1725
3655	1725
3656	1725
3657	1725
3658	1725
3659	1725
3660	1725
3661	1725
3662	1725
3663	1725
3664	1725
3665	1725
3666	1725
3667	1725
3668	1725
3669	1725
3670	1725
3671	1725
3672	1726
3673	1727
3674	1727
3675	1727
3676	1727
3677	1727
3678	1728
3679	1728
3680	1728
3681	1728
3682	1729
3683	1730
3684	1730
3685	1731
3686	1732
3687	1732
3688	1733
3689	1734
3690	1734
3691	1735
3692	1735
3693	1735
3694	1736
3695	1737
3696	1738
3697	1738
3698	1738
3699	1738
3700	1739
3701	1739
3702	1739
3703	1739
3704	1739
3705	1740
3706	1740
3707	1740
3708	1741
3709	1741
3710	1741
3711	1741
3712	1741
3713	1742
3714	1742
3715	1743
3716	1743
3717	1743
3718	1743
3719	1743
3720	1743
3721	1744
3722	1744
3723	1744
3724	1745
3725	1746
3726	1746
3727	1746
3728	1746
3729	1746
3730	1746
3731	1746
3732	1746
3733	1746
3734	1746
3735	1746
3736	1747
3737	1747
3738	1747
3739	1747
3740	1747
3741	1747
3742	1747
3743	1747
3744	1747
3745	1748
3746	1748
3747	1748
3748	1749
3749	1749
3750	1750
3751	1750
3752	1751
3753	1751
3754	1751
3755	1751
3756	1751
3757	1751
3758	1752
3759	1753
3760	1754
3761	1754
3762	1754
3763	1754
3764	1754
3765	1754
3766	1755
3767	1755
3768	1756
3769	1756
3770	1756
3771	1756
3772	1756
3773	1756
3774	1757
3775	1757
3776	1757
3777	1757
3778	1758
3779	1758
3780	1758
3781	1758
3782	1758
3783	1758
3784	1758
3785	1758
3786	1758
3787	1758
3788	1758
3789	1758
3790	1758
3791	1759
3792	1760
3793	1760
3794	1760
3795	1760
3796	1760
3797	1761
3798	1762
3799	1763
3800	1763
3801	1764
3802	1764
3803	1764
3804	1765
3805	1766
3806	1766
3807	1767
3808	1767
3809	1767
3810	1767
3811	1767
3812	1767
3813	1767
3814	1767
3815	1767
3816	1768
3817	1768
3818	1769
3819	1769
3820	1769
3821	1769
3822	1769
3823	1770
3824	1770
3825	1771
3826	1771
3827	1771
3828	1771
3829	1772
3830	1773
3831	1774
3832	1775
3833	1776
3834	1776
3835	1777
3836	1778
3837	1778
3838	1778
3839	1778
3840	1778
3841	1778
3842	1778
3843	1778
3844	1779
3845	1779
3846	1779
3847	1780
3848	1780
3849	1780
3850	1780
3851	1781
3852	1781
3853	1782
3854	1783
3855	1784
3856	1784
3857	1784
3858	1784
3859	1784
3860	1785
3861	1786
3862	1786
3863	1786
3864	1786
3865	1787
3866	1787
3867	1787
3868	1787
3869	1788
3870	1789
3871	1790
3872	1790
3873	1791
3874	1791
3875	1791
3876	1791
3877	1791
3878	1791
3879	1791
3880	1791
3881	1791
3882	1791
3883	1791
3884	1791
3885	1792
3886	1792
3887	1792
3888	1793
3889	1793
3890	1794
3891	1794
3892	1795
3893	1796
3894	1797
3895	1797
3896	1797
3897	1797
3898	1798
3899	1799
3900	1799
3901	1800
3902	1800
3903	1800
3904	1800
3905	1800
3906	1801
3907	1801
3908	1802
3909	1802
3910	1803
3911	1803
3912	1803
3913	1804
3914	1804
3915	1805
3916	1805
3917	1805
3918	1805
3919	1805
3920	1805
3921	1805
3922	1806
3923	1807
3924	1808
3925	1808
3926	1808
3927	1808
3928	1808
3929	1808
3930	1809
3931	1809
3932	1809
3933	1810
3934	1810
3935	1810
3936	1810
3937	1811
3938	1811
3939	1811
3940	1811
3941	1812
3942	1813
3943	1813
3944	1813
3945	1813
3946	1813
3947	1813
3948	1813
3949	1813
3950	1813
3951	1814
3952	1814
3953	1814
3954	1814
3955	1815
3956	1815
3957	1816
3958	1817
3959	1817
3960	1818
3961	1819
3962	1820
3963	1820
3964	1821
3965	1822
3966	1822
3967	1822
3968	1822
3969	1822
3970	1822
3971	1822
3972	1822
3973	1822
3974	1822
3975	1822
3976	1823
3977	1823
3978	1823
3979	1823
3980	1824
3981	1824
3982	1824
3983	1824
3984	1825
3985	1825
3986	1826
3987	1827
3988	1827
3989	1827
3990	1827
3991	1828
3992	1829
3993	1830
3994	1831
3995	1832
3996	1833
3997	1833
3998	1834
3999	1834
4000	1834
4001	1834
4002	1834
4003	1834
4004	1835
4005	1836
4006	1836
4007	1837
4008	1837
4009	1837
4010	1837
4011	1838
4012	1838
4013	1838
4014	1838
4015	1839
4016	1839
4017	1840
4018	1841
4019	1842
4020	1843
4021	1843
4022	1843
4023	1843
4024	1844
4025	1844
4026	1844
4027	1845
4028	1845
4029	1846
4030	1846
4031	1847
4032	1847
4033	1847
4034	1848
4035	1849
4036	1849
4037	1850
4038	1851
4039	1851
4040	1851
4041	1852
4042	1852
4043	1853
4044	1854
4045	1854
4046	1855
4047	1855
4048	1856
4049	1856
4050	1857
4051	1858
4052	1858
4053	1859
4054	1860
4055	1860
4056	1861
4057	1862
4058	1862
4059	1862
4060	1863
4061	1864
4062	1864
4063	1864
4064	1864
4065	1864
4066	1864
4067	1864
4068	1864
4069	1864
4070	1864
4071	1865
4072	1865
4073	1865
4074	1866
4075	1866
4076	1866
4077	1867
4078	1867
4079	1867
4080	1867
4081	1867
4082	1868
4083	1869
4084	1870
4085	1870
4086	1871
4087	1871
4088	1871
4089	1871
4090	1871
4091	1871
4092	1872
4093	1873
4094	1873
4095	1873
4096	1873
4097	1873
4098	1873
4099	1873
4100	1873
4101	1873
4102	1873
4103	1873
4104	1874
4105	1874
4106	1874
4107	1874
4108	1874
4109	1874
4110	1874
4111	1874
4112	1874
4113	1875
4114	1875
4115	1875
4116	1875
4117	1875
4118	1875
4119	1876
4120	1877
4121	1878
4122	1879
4123	1880
4124	1880
4125	1880
4126	1881
4127	1881
4128	1882
4129	1882
4130	1883
4131	1884
4132	1884
4133	1884
4134	1885
4135	1885
4136	1885
4137	1885
4138	1885
4139	1886
4140	1887
4141	1887
4142	1887
4143	1888
4144	1889
4145	1889
4146	1889
4147	1889
4148	1889
4149	1890
4150	1890
4151	1891
4152	1892
4153	1893
4154	1893
4155	1893
4156	1894
4157	1895
4158	1896
4159	1897
4160	1897
4161	1898
4162	1898
4163	1898
4164	1898
4165	1898
4166	1898
4167	1898
4168	1898
4169	1899
4170	1900
4171	1901
4172	1902
4173	1902
4174	1902
4175	1902
4176	1903
4177	1904
4178	1905
4179	1905
4180	1905
4181	1905
4182	1906
4183	1906
4184	1906
4185	1906
4186	1906
4187	1907
4188	1907
4189	1908
4190	1909
4191	1909
4192	1909
4193	1910
4194	1911
4195	1911
4196	1911
4197	1911
4198	1911
4199	1911
4200	1911
4201	1911
4202	1912
4203	1912
4204	1913
4205	1914
4206	1915
4207	1916
4208	1916
4209	1916
4210	1916
4211	1917
4212	1917
4213	1917
4214	1917
4215	1917
4216	1917
4217	1917
4218	1917
4219	1917
4220	1918
4221	1919
4222	1919
4223	1919
4224	1920
4225	1920
4226	1920
4227	1920
4228	1920
4229	1920
4230	1921
4231	1921
4232	1921
4233	1921
4234	1922
4235	1923
4236	1924
4237	1924
4238	1924
4239	1924
4240	1925
4241	1926
4242	1927
4243	1927
4244	1928
4245	1928
4246	1928
4247	1928
4248	1929
4249	1930
4250	1931
4251	1932
4252	1932
4253	1932
4254	1932
4255	1932
4256	1932
4257	1932
4258	1932
4259	1932
4260	1933
4261	1934
4262	1935
4263	1935
4264	1935
4265	1936
4266	1936
4267	1936
4268	1936
4269	1936
4270	1936
4271	1936
4272	1936
4273	1936
4274	1936
4275	1936
4276	1937
4277	1938
4278	1939
4279	1939
4280	1939
4281	1940
4282	1941
4283	1942
4284	1943
4285	1943
4286	1943
4287	1943
4288	1944
4289	1944
4290	1944
4291	1944
4292	1944
4293	1944
4294	1945
4295	1946
4296	1946
4297	1947
4298	1948
4299	1948
4300	1948
4301	1948
4302	1948
4303	1949
4304	1949
4305	1950
4306	1951
4307	1951
4308	1951
4309	1951
4310	1951
4311	1951
4312	1952
4313	1952
4314	1953
4315	1953
4316	1953
4317	1954
4318	1954
4319	1954
4320	1955
4321	1955
4322	1955
4323	1956
4324	1956
4325	1957
4326	1957
4327	1957
4328	1957
4329	1957
4330	1957
4331	1957
4332	1957
4333	1957
4334	1957
4335	1957
4336	1957
4337	1957
4338	1958
4339	1958
4340	1958
4341	1959
4342	1959
4343	1960
4344	1961
4345	1962
4346	1963
4347	1964
4348	1964
4349	1964
4350	1964
4351	1964
4352	1964
4353	1964
4354	1965
4355	1965
4356	1965
4357	1965
4358	1966
4359	1967
4360	1967
4361	1967
4362	1967
4363	1968
4364	1969
4365	1969
4366	1969
4367	1969
4368	1969
4369	1969
4370	1969
4371	1969
4372	1969
4373	1970
4374	1970
4375	1970
4376	1971
4377	1972
4378	1973
4379	1973
4380	1974
4381	1974
4382	1974
4383	1975
4384	1975
4385	1975
4386	1975
4387	1976
4388	1976
4389	1976
4390	1976
4391	1976
4392	1976
4393	1976
4394	1976
4395	1976
4396	1976
4397	1976
4398	1976
4399	1977
4400	1977
4401	1977
4402	1977
4403	1977
4404	1977
4405	1977
4406	1977
4407	1977
4408	1977
4409	1977
4410	1977
4411	1978
4412	1978
4413	1978
4414	1979
4415	1980
4416	1980
4417	1980
4418	1980
4419	1980
4420	1980
4421	1981
4422	1982
4423	1982
4424	1983
4425	1983
4426	1983
4427	1983
4428	1983
4429	1983
4430	1984
4431	1985
4432	1986
4433	1987
4434	1987
4435	1987
4436	1988
4437	1988
4438	1988
4439	1988
4440	1988
4441	1988
4442	1988
4443	1988
4444	1988
4445	1988
4446	1988
4447	1988
4448	1988
4449	1989
4450	1989
4451	1989
4452	1990
4453	1990
4454	1990
4455	1990
4456	1990
4457	1990
4458	1991
4459	1992
4460	1992
4461	1993
4462	1993
4463	1994
4464	1994
4465	1994
4466	1994
4467	1994
4468	1995
4469	1995
4470	1995
4471	1996
4472	1996
4473	1996
4474	1996
4475	1997
4476	1997
4477	1997
4478	1997
4479	1997
4480	1997
4481	1998
4482	1998
4483	1998
4484	1999
4485	1999
4486	1999
4487	1999
4488	2000
4489	2000
4490	2000
4491	2000
4492	2000
4493	2001
4494	2002
4495	2002
4496	2003
4497	2003
4498	2004
4499	2004
4500	2004
4501	2004
4502	2004
4503	2004
4504	2005
4505	2005
4506	2006
4507	2007
4508	2008
4509	2008
4510	2008
4511	2008
4512	2008
4513	2008
4514	2009
4515	2010
4516	2011
4517	2012
4518	2013
4519	2013
4520	2013
4521	2014
4522	2014
4523	2015
4524	2016
4525	2016
4526	2016
4527	2017
4528	2018
4529	2018
4530	2018
4531	2019
4532	2019
4533	2019
4534	2019
4535	2019
4536	2019
4537	2019
4538	2020
4539	2020
4540	2020
4541	2021
4542	2021
4543	2021
4544	2021
4545	2021
4546	2021
4547	2022
4548	2022
4549	2023
4550	2024
4551	2024
4552	2024
4553	2024
4554	2024
4555	2024
4556	2024
4557	2024
4558	2024
4559	2024
4560	2025
4561	2025
4562	2025
4563	2025
4564	2025
4565	2025
4566	2025
4567	2025
4568	2025
4569	2025
4570	2025
4571	2025
4572	2025
4573	2026
4574	2027
4575	2027
4576	2027
4577	2027
4578	2027
4579	2027
4580	2028
4581	2029
4582	2029
4583	2029
4584	2029
4585	2030
4586	2031
4587	2032
4588	2032
4589	2032
4590	2033
4591	2034
4592	2034
4593	2034
4594	2034
4595	2035
4596	2035
4597	2035
4598	2035
4599	2035
4600	2035
4601	2035
4602	2036
4603	2036
4604	2036
4605	2036
4606	2036
4607	2037
4608	2038
4609	2038
4610	2039
4611	2039
4612	2039
4613	2039
4614	2039
4615	2040
4616	2040
4617	2041
4618	2041
4619	2041
4620	2041
4621	2042
4622	2042
4623	2043
4624	2044
4625	2044
4626	2044
4627	2044
4628	2044
4629	2045
4630	2045
4631	2045
4632	2045
4633	2045
4634	2046
4635	2046
4636	2046
4637	2046
4638	2046
4639	2046
4640	2046
4641	2046
4642	2046
4643	2046
4644	2046
4645	2046
4646	2046
4647	2046
4648	2046
4649	2046
4650	2046
4651	2046
4652	2046
4653	2046
4654	2046
4655	2046
4656	2046
4657	2046
4658	2046
4659	2047
4660	2047
4661	2048
4662	2048
4663	2048
4664	2048
4665	2048
4666	2048
4667	2048
4668	2048
4669	2048
4670	2048
4671	2049
4672	2049
4673	2050
4674	2050
4675	2050
4676	2050
4677	2050
4678	2051
4679	2051
4680	2051
4681	2051
4682	2051
4683	2051
4684	2052
4685	2052
4686	2053
4687	2053
4688	2053
4689	2053
4690	2053
4691	2054
4692	2054
4693	2054
4694	2054
4695	2055
4696	2055
4697	2055
4698	2055
4699	2056
4700	2056
4701	2057
4702	2057
4703	2057
4704	2057
4705	2057
4706	2058
4707	2058
4708	2059
4709	2059
4710	2060
4711	2061
4712	2061
4713	2061
4714	2061
4715	2062
4716	2062
4717	2062
4718	2062
4719	2062
4720	2063
4721	2063
4722	2064
4723	2064
4724	2064
4725	2064
4726	2064
4727	2064
4728	2064
4729	2065
4730	2065
4731	2066
4732	2066
4733	2066
4734	2067
4735	2068
4736	2069
4737	2069
4738	2069
4739	2069
4740	2070
4741	2070
4742	2070
4743	2071
4744	2072
4745	2072
4746	2073
4747	2073
4748	2073
4749	2073
4750	2073
4751	2074
4752	2074
4753	2074
4754	2074
4755	2074
4756	2074
4757	2075
4758	2076
4759	2076
4760	2077
4761	2077
4762	2077
4763	2077
4764	2078
4765	2079
4766	2080
4767	2081
4768	2081
4769	2082
4770	2083
4771	2083
4772	2083
4773	2083
4774	2083
4775	2083
4776	2083
4777	2083
4778	2084
4779	2085
4780	2085
4781	2085
4782	2086
4783	2087
4784	2087
4785	2087
4786	2087
4787	2088
4788	2088
4789	2088
4790	2088
4791	2089
4792	2089
4793	2089
4794	2090
4795	2090
4796	2090
4797	2090
4798	2090
4799	2091
4800	2091
4801	2091
4802	2091
4803	2091
4804	2091
4805	2091
4806	2091
4807	2091
4808	2091
4809	2091
4810	2092
4811	2092
4812	2092
4813	2092
4814	2092
4815	2092
4816	2092
4817	2092
4818	2092
4819	2092
4820	2092
4821	2092
4822	2093
4823	2093
4824	2093
4825	2093
4826	2093
4827	2093
4828	2093
4829	2093
4830	2094
4831	2094
4832	2095
4833	2095
4834	2095
4835	2096
4836	2097
4837	2098
4838	2099
