N	V
0	1
1	2
2	3
3	4
4	5
5	6
6	7
7	8
8	9
9	10
10	11
11	12
12	13
13	14
14	15
15	16
16	17
17	18
18	19
19	19
20	20
21	21
22	22
23	23
24	24
25	25
26	26
27	27
28	28
29	28
30	28
31	29
32	30
33	30
34	31
35	32
36	33
37	34
38	35
39	36
40	37
41	37
42	38
43	38
44	38
45	39
46	40
47	40
48	41
49	42
50	43
51	44
52	45
53	46
54	47
55	48
56	49
57	49
58	50
59	51
60	52
61	53
62	53
63	53
64	54
65	55
66	56
67	57
68	58
69	59
70	60
71	61
72	61
73	62
74	63
75	64
76	65
77	66
78	67
79	68
80	69
81	70
82	70
83	71
84	72
85	73
86	74
87	75
88	76
89	77
90	78
91	79
92	79
93	80
94	81
95	82
96	83
97	84
98	85
99	86
100	87
101	87
102	88
103	89
104	90
105	91
106	92
107	93
108	94
109	95
110	96
111	97
112	98
113	99
114	99
115	100
116	101
117	101
118	102
119	103
120	104
121	105
122	106
123	107
124	108
125	109
126	110
127	111
128	111
129	112
130	113
131	114
132	115
133	116
134	117
135	117
136	118
137	118
138	119
139	120
140	121
141	122
142	123
143	123
144	124
145	125
146	125
147	126
148	127
149	127
150	128
151	129
152	130
153	131
154	132
155	133
156	133
157	134
158	135
159	136
160	137
161	138
162	139
163	139
164	140
165	141
166	142
167	143
168	143
169	144
170	145
171	146
172	146
173	146
174	146
175	146
176	146
177	147
178	148
179	149
180	150
181	151
182	152
183	152
184	153
185	154
186	155
187	156
188	157
189	157
190	158
191	159
192	160
193	161
194	161
195	162
196	163
197	164
198	164
199	165
200	166
201	167
202	167
203	167
204	168
205	168
206	169
207	170
208	171
209	172
210	173
211	173
212	174
213	174
214	175
215	176
216	176
217	177
218	178
219	179
220	180
221	181
222	181
223	182
224	183
225	184
226	184
227	185
228	186
229	187
230	187
231	188
232	188
233	189
234	189
235	190
236	191
237	192
238	193
239	194
240	195
241	196
242	197
243	198
244	199
245	199
246	200
247	201
248	202
249	203
250	204
251	204
252	205
253	206
254	206
255	207
256	208
257	209
258	209
259	210
260	211
261	212
262	213
263	214
264	214
265	214
266	215
267	215
268	215
269	216
270	217
271	217
272	218
273	219
274	220
275	221
276	221
277	222
278	222
279	223
280	224
281	225
282	226
283	227
284	228
285	229
286	230
287	230
288	230
289	231
290	232
291	233
292	233
293	233
294	234
295	235
296	235
297	236
298	237
299	237
300	238
301	239
302	239
303	239
304	240
305	241
306	242
307	243
308	244
309	245
310	245
311	246
312	247
313	247
314	248
315	248
316	249
317	250
318	250
319	251
320	252
321	252
322	253
323	253
324	253
325	254
326	254
327	255
328	256
329	257
330	258
331	259
332	259
333	260
334	261
335	262
336	262
337	263
338	264
339	265
340	265
341	265
342	266
343	267
344	267
345	268
346	268
347	269
348	270
349	271
350	272
351	273
352	273
353	273
354	274
355	275
356	275
357	275
358	275
359	275
360	276
361	277
362	278
363	279
364	279
365	279
366	280
367	280
368	281
369	282
370	283
371	284
372	284
373	284
374	285
375	286
376	286
377	286
378	286
379	287
380	288
381	289
382	290
383	290
384	291
385	292
386	293
387	294
388	295
389	295
390	296
391	297
392	298
393	299
394	299
395	300
396	300
397	301
398	301
399	302
400	303
401	304
402	305
403	305
404	305
405	306
406	307
407	308
408	309
409	310
410	310
411	310
412	311
413	312
414	312
415	313
416	314
417	315
418	316
419	316
420	317
421	318
422	319
423	319
424	320
425	321
426	322
427	322
428	322
429	323
430	324
431	324
432	325
433	326
434	327
435	327
436	328
437	329
438	330
439	330
440	331
441	331
442	332
443	333
444	334
445	335
446	336
447	337
448	337
449	338
450	339
451	340
452	340
453	341
454	342
455	342
456	343
457	344
458	345
459	345
460	346
461	346
462	346
463	347
464	348
465	349
466	349
467	349
468	350
469	351
470	352
471	353
472	353
473	354
474	354
475	355
476	355
477	356
478	357
479	357
480	357
481	358
482	359
483	359
484	360
485	361
486	362
487	363
488	363
489	364
490	364
491	365
492	366
493	367
494	367
495	368
496	368
497	369
498	370
499	371
500	372
501	372
502	372
503	372
504	372
505	372
506	373
507	374
508	375
509	375
510	375
511	376
512	377
513	377
514	377
515	378
516	378
517	378
518	379
519	379
520	380
521	380
522	380
523	381
524	382
525	383
526	384
527	385
528	386
529	386
530	386
531	387
532	388
533	389
534	390
535	390
536	390
537	391
538	391
539	391
540	391
541	391
542	392
543	393
544	393
545	394
546	394
547	394
548	395
549	396
550	396
551	397
552	398
553	399
554	400
555	401
556	402
557	402
558	403
559	404
560	405
561	405
562	406
563	406
564	406
565	407
566	407
567	407
568	408
569	409
570	410
571	411
572	411
573	412
574	412
575	413
576	414
577	414
578	415
579	415
580	416
581	417
582	418
583	418
584	419
585	419
586	420
587	420
588	421
589	422
590	423
591	423
592	424
593	425
594	425
595	425
596	426
597	427
598	428
599	429
600	430
601	430
602	430
603	430
604	431
605	432
606	432
607	433
608	434
609	435
610	435
611	435
612	435
613	436
614	437
615	438
616	439
617	440
618	441
619	441
620	442
621	442
622	443
623	443
624	443
625	444
626	445
627	446
628	447
629	448
630	448
631	448
632	449
633	450
634	450
635	450
636	451
637	452
638	453
639	454
640	455
641	456
642	457
643	458
644	458
645	458
646	459
647	460
648	461
649	462
650	463
651	463
652	464
653	464
654	464
655	464
656	464
657	465
658	466
659	467
660	468
661	469
662	470
663	471
664	472
665	473
666	474
667	474
668	475
669	476
670	476
671	477
672	477
673	478
674	478
675	478
676	478
677	478
678	479
679	480
680	481
681	481
682	482
683	482
684	483
685	483
686	484
687	485
688	486
689	486
690	486
691	487
692	488
693	489
694	490
695	491
696	492
697	493
698	493
699	494
700	495
701	496
702	497
703	498
704	499
705	500
706	501
707	502
708	502
709	503
710	504
711	504
712	505
713	505
714	506
715	506
716	506
717	506
718	507
719	507
720	507
721	507
722	508
723	509
724	509
725	509
726	509
727	510
728	511
729	512
730	512
731	512
732	513
733	514
734	515
735	515
736	515
737	515
738	516
739	516
740	517
741	518
742	519
743	519
744	519
745	520
746	521
747	521
748	522
749	523
750	524
751	524
752	524
753	525
754	526
755	526
756	527
757	528
758	528
759	529
760	529
761	530
762	531
763	532
764	533
765	534
766	534
767	535
768	535
769	536
770	537
771	538
772	538
773	538
774	538
775	539
776	540
777	541
778	542
779	543
780	544
781	545
782	546
783	547
784	547
785	548
786	549
787	549
788	549
789	549
790	550
791	551
792	552
793	552
794	553
795	554
796	555
797	556
798	557
799	558
800	559
801	559
802	560
803	560
804	560
805	561
806	562
807	563
808	564
809	565
810	565
811	566
812	566
813	566
814	567
815	568
816	568
817	569
818	570
819	570
820	570
821	570
822	571
823	572
824	573
825	573
826	574
827	574
828	574
829	575
830	575
831	575
832	576
833	576
834	576
835	577
836	578
837	578
838	579
839	579
840	579
841	579
842	580
843	581
844	581
845	581
846	581
847	581
848	582
849	582
850	583
851	583
852	584
853	585
854	586
855	587
856	588
857	589
858	590
859	590
860	591
861	591
862	592
863	593
864	593
865	594
866	595
867	596
868	596
869	597
870	598
871	599
872	599
873	600
874	601
875	602
876	603
877	604
878	605
879	606
880	607
881	608
882	608
883	609
884	610
885	611
886	612
887	613
888	614
889	615
890	615
891	616
892	617
893	617
894	618
895	619
896	620
897	620
898	621
899	622
900	622
901	623
902	624
903	624
904	624
905	625
906	625
907	625
908	626
909	627
910	627
911	627
912	628
913	628
914	628
915	629
916	630
917	631
918	631
919	631
920	632
921	632
922	633
923	633
924	633
925	633
926	634
927	634
928	634
929	635
930	636
931	636
932	636
933	637
934	638
935	639
936	640
937	640
938	641
939	642
940	643
941	644
942	644
943	645
944	646
945	647
946	648
947	648
948	649
949	650
950	651
951	651
952	651
953	652
954	653
955	653
956	654
957	655
958	655
959	655
960	656
961	657
962	657
963	658
964	659
965	659
966	659
967	660
968	661
969	661
970	661
971	662
972	663
973	664
974	665
975	665
976	666
977	666
978	667
979	668
980	669
981	669
982	669
983	669
984	669
985	670
986	671
987	672
988	673
989	674
990	674
991	674
992	674
993	675
994	676
995	677
996	677
997	678
998	679
999	679
1000	679
1001	679
1002	680
1003	680
1004	680
1005	680
1006	681
1007	682
1008	683
1009	683
1010	684
1011	685
1012	686
1013	687
1014	688
1015	688
1016	688
1017	688
1018	689
1019	689
1020	690
1021	691
1022	692
1023	693
1024	693
1025	694
1026	695
1027	695
1028	696
1029	697
1030	697
1031	697
1032	697
1033	698
1034	699
1035	700
1036	700
1037	701
1038	702
1039	703
1040	703
1041	703
1042	704
1043	705
1044	706
1045	706
1046	707
1047	708
1048	708
1049	709
1050	710
1051	710
1052	711
1053	712
1054	713
1055	713
1056	714
1057	714
1058	715
1059	716
1060	717
1061	717
1062	718
1063	719
1064	720
1065	721
1066	721
1067	722
1068	722
1069	722
1070	723
1071	724
1072	725
1073	725
1074	725
1075	726
1076	726
1077	727
1078	728
1079	728
1080	729
1081	730
1082	731
1083	732
1084	733
1085	734
1086	734
1087	734
1088	735
1089	736
1090	736
1091	737
1092	737
1093	738
1094	738
1095	739
1096	739
1097	739
1098	740
1099	741
1100	742
1101	742
1102	743
1103	744
1104	745
1105	746
1106	747
1107	748
1108	749
1109	750
1110	750
1111	751
1112	751
1113	752
1114	753
1115	753
1116	754
1117	754
1118	754
1119	755
1120	755
1121	755
1122	755
1123	755
1124	755
1125	755
1126	755
1127	756
1128	757
1129	758
1130	758
1131	758
1132	758
1133	758
1134	759
1135	759
1136	760
1137	760
1138	761
1139	762
1140	763
1141	764
1142	764
1143	765
1144	766
1145	767
1146	767
1147	768
1148	768
1149	769
1150	770
1151	770
1152	771
1153	771
1154	772
1155	773
1156	774
1157	775
1158	775
1159	776
1160	777
1161	778
1162	779
1163	779
1164	779
1165	780
1166	781
1167	782
1168	783
1169	784
1170	785
1171	786
1172	786
1173	787
1174	788
1175	789
1176	789
1177	790
1178	791
1179	792
1180	792
1181	792
1182	792
1183	793
1184	794
1185	795
1186	796
1187	797
1188	798
1189	799
1190	799
1191	800
1192	801
1193	801
1194	801
1195	801
1196	801
1197	801
1198	802
1199	803
1200	804
1201	804
1202	805
1203	806
1204	807
1205	808
1206	809
1207	809
1208	809
1209	809
1210	810
1211	811
1212	811
1213	811
1214	812
1215	813
1216	814
1217	814
1218	815
1219	815
1220	815
1221	815
1222	815
1223	815
1224	816
1225	816
1226	816
1227	816
1228	816
1229	816
1230	816
1231	817
1232	817
1233	817
1234	818
1235	818
1236	818
1237	818
1238	818
1239	818
1240	819
1241	820
1242	820
1243	820
1244	821
1245	821
1246	821
1247	821
1248	822
1249	823
1250	824
1251	824
1252	824
1253	824
1254	825
1255	826
1256	827
1257	827
1258	828
1259	829
1260	830
1261	830
1262	830
1263	831
1264	832
1265	832
1266	833
1267	833
1268	834
1269	834
1270	835
1271	836
1272	837
1273	837
1274	837
1275	838
1276	839
1277	839
1278	840
1279	840
1280	840
1281	841
1282	842
1283	843
1284	844
1285	844
1286	844
1287	845
1288	846
1289	846
1290	846
1291	846
1292	846
1293	846
1294	846
1295	847
1296	847
1297	847
1298	848
1299	848
1300	848
1301	848
1302	848
1303	848
1304	849
1305	849
1306	849
1307	850
1308	850
1309	850
1310	851
1311	851
1312	852
1313	853
1314	854
1315	855
1316	855
1317	855
1318	855
1319	856
1320	857
1321	858
1322	859
1323	860
1324	860
1325	860
1326	860
1327	860
1328	861
1329	862
1330	862
1331	862
1332	863
1333	863
1334	863
1335	864
1336	864
1337	864
1338	865
1339	866
1340	866
1341	866
1342	866
1343	867
1344	868
1345	869
1346	870
1347	870
1348	871
1349	872
1350	873
1351	873
1352	874
1353	875
1354	876
1355	877
1356	877
1357	878
1358	879
1359	880
1360	880
1361	880
1362	881
1363	881
1364	882
1365	882
1366	883
1367	883
1368	883
1369	884
1370	884
1371	884
1372	884
1373	884
1374	884
1375	885
1376	885
1377	885
1378	886
1379	887
1380	888
1381	889
1382	890
1383	891
1384	892
1385	893
1386	894
1387	894
1388	894
1389	894
1390	895
1391	895
1392	896
1393	896
1394	896
1395	897
1396	897
1397	897
1398	897
1399	898
1400	898
1401	899
1402	899
1403	900
1404	901
1405	901
1406	902
1407	903
1408	904
1409	905
1410	905
1411	906
1412	906
1413	907
1414	908
1415	908
1416	909
1417	909
1418	910
1419	910
1420	911
1421	912
1422	912
1423	913
1424	914
1425	915
1426	916
1427	916
1428	916
1429	917
1430	918
1431	919
1432	920
1433	921
1434	921
1435	921
1436	922
1437	922
1438	922
1439	922
1440	922
1441	923
1442	923
1443	923
1444	924
1445	924
1446	924
1447	925
1448	926
1449	927
1450	928
1451	928
1452	928
1453	929
1454	930
1455	931
1456	931
1457	931
1458	931
1459	931
1460	932
1461	933
1462	933
1463	933
1464	933
1465	933
1466	933
1467	933
1468	934
1469	935
1470	935
1471	936
1472	936
1473	937
1474	937
1475	937
1476	937
1477	938
1478	939
1479	940
1480	940
1481	940
1482	940
1483	941
1484	942
1485	942
1486	943
1487	943
1488	944
1489	945
1490	945
1491	945
1492	946
1493	946
1494	947
1495	948
1496	949
1497	950
1498	950
1499	950
1500	950
1501	950
1502	951
1503	952
1504	953
1505	954
1506	954
1507	954
1508	954
1509	955
1510	956
1511	957
1512	958
1513	959
1514	959
1515	960
1516	960
1517	961
1518	962
1519	962
1520	963
1521	964
1522	965
1523	965
1524	965
1525	965
1526	965
1527	965
1528	965
1529	965
1530	966
1531	966
1532	966
1533	967
1534	967
1535	968
1536	969
1537	970
1538	970
1539	970
1540	971
1541	971
1542	972
1543	972
1544	972
1545	972
1546	973
1547	973
1548	974
1549	974
1550	974
1551	974
1552	974
1553	975
1554	976
1555	977
1556	978
1557	978
1558	979
1559	980
1560	980
1561	980
1562	980
1563	981
1564	981
1565	982
1566	982
1567	982
1568	982
1569	983
1570	984
1571	985
1572	985
1573	986
1574	986
1575	986
1576	986
1577	987
1578	987
1579	987
1580	988
1581	989
1582	989
1583	990
1584	991
1585	992
1586	993
1587	993
1588	994
1589	995
1590	995
1591	995
1592	996
1593	996
1594	996
1595	997
1596	997
1597	998
1598	998
1599	999
1600	999
1601	999
1602	1000
1603	1000
1604	1001
1605	1001
1606	1001
1607	1002
1608	1002
1609	1002
1610	1002
1611	1002
1612	1003
1613	1003
1614	1003
1615	1004
1616	1005
1617	1005
1618	1005
1619	1005
1620	1006
1621	1007
1622	1008
1623	1009
1624	1009
1625	1010
1626	1011
1627	1012
1628	1013
1629	1014
1630	1015
1631	1016
1632	1016
1633	1016
1634	1017
1635	1017
1636	1018
1637	1018
1638	1018
1639	1018
1640	1019
1641	1020
1642	1021
1643	1022
1644	1022
1645	1022
1646	1022
1647	1022
1648	1023
1649	1023
1650	1023
1651	1023
1652	1024
1653	1024
1654	1024
1655	1025
1656	1026
1657	1027
1658	1027
1659	1028
1660	1028
1661	1028
1662	1028
1663	1028
1664	1029
1665	1030
1666	1030
1667	1031
1668	1032
1669	1032
1670	1033
1671	1033
1672	1033
1673	1034
1674	1035
1675	1035
1676	1035
1677	1036
1678	1037
1679	1037
1680	1037
1681	1038
1682	1038
1683	1038
1684	1039
1685	1040
1686	1040
1687	1040
1688	1040
1689	1041
1690	1042
1691	1043
1692	1044
1693	1044
1694	1045
1695	1046
1696	1047
1697	1048
1698	1048
1699	1049
1700	1050
1701	1051
1702	1051
1703	1051
1704	1051
1705	1051
1706	1051
1707	1051
1708	1051
1709	1052
1710	1052
1711	1052
1712	1053
1713	1053
1714	1054
1715	1054
1716	1054
1717	1054
1718	1055
1719	1056
1720	1056
1721	1056
1722	1056
1723	1057
1724	1058
1725	1059
1726	1060
1727	1060
1728	1061
1729	1061
1730	1062
1731	1063
1732	1064
1733	1065
1734	1065
1735	1065
1736	1066
1737	1067
1738	1068
1739	1068
1740	1068
1741	1068
1742	1069
1743	1069
1744	1069
1745	1070
1746	1070
1747	1070
1748	1070
1749	1070
1750	1070
1751	1070
1752	1070
1753	1071
1754	1071
1755	1071
1756	1072
1757	1072
1758	1073
1759	1074
1760	1074
1761	1074
1762	1075
1763	1075
1764	1076
1765	1077
1766	1077
1767	1077
1768	1078
1769	1078
1770	1079
1771	1080
1772	1080
1773	1081
1774	1082
1775	1083
1776	1084
1777	1085
1778	1086
1779	1087
1780	1087
1781	1088
1782	1088
1783	1088
1784	1088
1785	1088
1786	1088
1787	1088
1788	1089
1789	1089
1790	1089
1791	1089
1792	1090
1793	1091
1794	1092
1795	1092
1796	1092
1797	1093
1798	1094
1799	1095
1800	1096
1801	1097
1802	1098
1803	1099
1804	1100
1805	1100
1806	1100
1807	1101
1808	1101
1809	1101
1810	1101
1811	1101
1812	1102
1813	1103
1814	1104
1815	1105
1816	1105
1817	1105
1818	1105
1819	1106
1820	1106
1821	1106
1822	1107
1823	1108
1824	1109
1825	1109
1826	1110
1827	1110
1828	1110
1829	1110
1830	1111
1831	1111
1832	1112
1833	1113
1834	1114
1835	1114
1836	1114
1837	1115
1838	1115
1839	1115
1840	1115
1841	1116
1842	1117
1843	1117
1844	1117
1845	1118
1846	1119
1847	1120
1848	1121
1849	1122
1850	1123
1851	1123
1852	1123
1853	1124
1854	1124
1855	1125
1856	1126
1857	1127
1858	1128
1859	1129
1860	1129
1861	1129
1862	1130
1863	1130
1864	1131
1865	1132
1866	1133
1867	1134
1868	1135
1869	1135
1870	1135
1871	1136
1872	1136
1873	1137
1874	1137
1875	1137
1876	1137
1877	1137
1878	1138
1879	1138
1880	1138
1881	1138
1882	1138
1883	1138
1884	1139
1885	1139
1886	1140
1887	1140
1888	1141
1889	1141
1890	1142
1891	1142
1892	1142
1893	1143
1894	1143
1895	1143
1896	1143
1897	1143
1898	1144
1899	1144
1900	1144
1901	1145
1902	1146
1903	1146
1904	1146
1905	1146
1906	1146
1907	1147
1908	1148
1909	1148
1910	1149
1911	1150
1912	1150
1913	1151
1914	1151
1915	1152
1916	1153
1917	1153
1918	1154
1919	1155
1920	1156
1921	1157
1922	1157
1923	1157
1924	1157
1925	1158
1926	1158
1927	1159
1928	1159
1929	1159
1930	1159
1931	1160
1932	1160
1933	1161
1934	1162
1935	1162
1936	1163
1937	1163
1938	1163
1939	1164
1940	1164
1941	1165
1942	1165
1943	1165
1944	1165
1945	1165
1946	1166
1947	1166
1948	1167
1949	1167
1950	1168
1951	1169
1952	1170
1953	1170
1954	1170
1955	1170
1956	1170
1957	1171
1958	1171
1959	1171
1960	1171
1961	1171
1962	1171
1963	1172
1964	1172
1965	1173
1966	1174
1967	1175
1968	1176
1969	1176
1970	1176
1971	1177
1972	1177
1973	1177
1974	1178
1975	1178
1976	1178
1977	1178
1978	1179
1979	1180
1980	1180
1981	1181
1982	1181
1983	1181
1984	1182
1985	1182
1986	1183
1987	1184
1988	1185
1989	1185
1990	1185
1991	1185
1992	1185
1993	1186
1994	1186
1995	1186
1996	1186
1997	1186
1998	1186
1999	1186
2000	1187
2001	1187
2002	1188
2003	1188
2004	1189
2005	1189
2006	1190
2007	1190
2008	1191
2009	1192
2010	1192
2011	1192
2012	1192
2013	1193
2014	1193
2015	1193
2016	1193
2017	1193
2018	1193
2019	1194
2020	1194
2021	1195
2022	1196
2023	1196
2024	1197
2025	1197
2026	1198
2027	1198
2028	1199
2029	1199
2030	1199
2031	1200
2032	1200
2033	1201
2034	1202
2035	1202
2036	1202
2037	1202
2038	1202
2039	1203
2040	1203
2041	1204
2042	1204
2043	1205
2044	1206
2045	1207
2046	1208
2047	1209
2048	1210
2049	1210
2050	1210
2051	1210
2052	1211
2053	1211
2054	1212
2055	1213
2056	1214
2057	1215
2058	1215
2059	1215
2060	1216
2061	1216
2062	1216
2063	1216
2064	1216
2065	1216
2066	1216
2067	1216
2068	1216
2069	1216
2070	1216
2071	1216
2072	1217
2073	1217
2074	1217
2075	1218
2076	1218
2077	1219
2078	1220
2079	1220
2080	1221
2081	1222
2082	1222
2083	1222
2084	1222
2085	1222
2086	1222
2087	1222
2088	1222
2089	1222
2090	1223
2091	1223
2092	1223
2093	1224
2094	1225
2095	1226
2096	1227
2097	1228
2098	1229
2099	1229
2100	1230
2101	1231
2102	1232
2103	1232
2104	1233
2105	1234
2106	1235
2107	1235
2108	1235
2109	1235
2110	1236
2111	1237
2112	1238
2113	1238
2114	1239
2115	1239
2116	1239
2117	1240
2118	1241
2119	1242
2120	1242
2121	1242
2122	1242
2123	1242
2124	1243
2125	1244
2126	1244
2127	1245
2128	1245
2129	1246
2130	1247
2131	1247
2132	1247
2133	1247
2134	1248
2135	1249
2136	1249
2137	1249
2138	1249
2139	1250
2140	1251
2141	1252
2142	1252
2143	1252
2144	1252
2145	1252
2146	1252
2147	1252
2148	1253
2149	1254
2150	1255
2151	1255
2152	1255
2153	1255
2154	1256
2155	1257
2156	1257
2157	1258
2158	1258
2159	1258
2160	1259
2161	1259
2162	1260
2163	1260
2164	1260
2165	1261
2166	1262
2167	1262
2168	1263
2169	1263
2170	1263
2171	1263
2172	1263
2173	1263
2174	1263
2175	1264
2176	1264
2177	1264
2178	1264
2179	1264
2180	1265
2181	1265
2182	1265
2183	1265
2184	1265
2185	1265
2186	1265
2187	1265
2188	1265
2189	1265
2190	1265
2191	1265
2192	1265
2193	1266
2194	1267
2195	1268
2196	1268
2197	1268
2198	1268
2199	1268
2200	1268
2201	1269
2202	1270
2203	1270
2204	1271
2205	1272
2206	1273
2207	1273
2208	1273
2209	1274
2210	1274
2211	1274
2212	1275
2213	1275
2214	1275
2215	1275
2216	1276
2217	1277
2218	1278
2219	1278
2220	1278
2221	1278
2222	1278
2223	1279
2224	1280
2225	1280
2226	1280
2227	1280
2228	1280
2229	1281
2230	1281
2231	1281
2232	1282
2233	1283
2234	1284
2235	1285
2236	1286
2237	1286
2238	1286
2239	1287
2240	1287
2241	1287
2242	1288
2243	1288
2244	1288
2245	1289
2246	1289
2247	1289
2248	1290
2249	1291
2250	1291
2251	1291
2252	1291
2253	1292
2254	1293
2255	1294
2256	1294
2257	1294
2258	1295
2259	1296
2260	1296
2261	1296
2262	1296
2263	1296
2264	1296
2265	1296
2266	1296
2267	1296
2268	1297
2269	1298
2270	1299
2271	1299
2272	1299
2273	1299
2274	1300
2275	1300
2276	1300
2277	1301
2278	1302
2279	1302
2280	1302
2281	1302
2282	1303
2283	1303
2284	1303
2285	1303
2286	1303
2287	1303
2288	1303
2289	1303
2290	1303
2291	1304
2292	1305
2293	1305
2294	1306
2295	1307
2296	1307
2297	1308
2298	1308
2299	1309
2300	1310
2301	1310
2302	1311
2303	1312
2304	1313
2305	1313
2306	1313
2307	1314
2308	1314
2309	1315
2310	1315
2311	1316
2312	1316
2313	1316
2314	1316
2315	1316
2316	1317
2317	1317
2318	1318
2319	1319
2320	1320
2321	1321
2322	1322
2323	1322
2324	1322
2325	1323
2326	1324
2327	1324
2328	1324
2329	1325
2330	1325
2331	1325
2332	1326
2333	1326
2334	1327
2335	1327
2336	1327
2337	1328
2338	1328
2339	1328
2340	1329
2341	1330
2342	1330
2343	1331
2344	1332
2345	1333
2346	1333
2347	1333
2348	1334
2349	1334
2350	1335
2351	1336
2352	1337
2353	1337
2354	1338
2355	1338
2356	1338
2357	1338
2358	1338
2359	1339
2360	1340
2361	1341
2362	1341
2363	1341
2364	1341
2365	1341
2366	1342
2367	1342
2368	1343
2369	1343
2370	1343
2371	1344
2372	1345
2373	1346
2374	1347
2375	1348
2376	1348
2377	1348
2378	1348
2379	1348
2380	1349
2381	1350
2382	1350
2383	1351
2384	1352
2385	1353
2386	1354
2387	1354
2388	1355
2389	1355
2390	1355
2391	1355
2392	1355
2393	1356
2394	1356
2395	1357
2396	1357
2397	1358
2398	1358
2399	1358
2400	1359
2401	1360
2402	1361
2403	1362
2404	1362
2405	1362
2406	1363
2407	1364
2408	1365
2409	1366
2410	1367
2411	1368
2412	1368
2413	1368
2414	1368
2415	1369
2416	1369
2417	1369
2418	1369
2419	1369
2420	1370
2421	1370
2422	1370
2423	1370
2424	1370
2425	1370
2426	1370
2427	1371
2428	1372
2429	1373
2430	1374
2431	1374
2432	1375
2433	1376
2434	1376
2435	1376
2436	1377
2437	1378
2438	1378
2439	1379
2440	1379
2441	1380
2442	1381
2443	1382
2444	1383
2445	1384
2446	1385
2447	1385
2448	1386
2449	1387
2450	1387
2451	1387
2452	1387
2453	1388
2454	1388
2455	1389
2456	1390
2457	1391
2458	1392
2459	1393
2460	1394
2461	1394
2462	1394
2463	1394
2464	1395
2465	1395
2466	1395
2467	1395
2468	1395
2469	1396
2470	1397
2471	1397
2472	1398
2473	1398
2474	1399
2475	1400
2476	1401
2477	1402
2478	1402
2479	1402
2480	1403
2481	1404
2482	1405
2483	1405
2484	1405
2485	1405
2486	1406
2487	1406
2488	1407
2489	1407
2490	1408
2491	1409
2492	1410
2493	1410
2494	1410
2495	1411
2496	1411
2497	1412
2498	1412
2499	1412
2500	1412
2501	1412
2502	1412
2503	1413
2504	1414
2505	1414
2506	1414
2507	1415
2508	1415
2509	1415
2510	1415
2511	1416
2512	1416
2513	1416
2514	1417
2515	1417
2516	1417
2517	1417
2518	1418
2519	1419
2520	1419
2521	1419
2522	1420
2523	1421
2524	1421
2525	1421
2526	1421
2527	1421
2528	1422
2529	1423
2530	1424
2531	1425
2532	1426
2533	1426
2534	1427
2535	1428
2536	1429
2537	1429
2538	1429
2539	1430
2540	1431
2541	1432
2542	1432
2543	1432
2544	1432
2545	1432
2546	1432
2547	1432
2548	1433
2549	1433
2550	1433
2551	1434
2552	1434
2553	1435
2554	1435
2555	1436
2556	1437
2557	1438
2558	1438
2559	1439
2560	1439
2561	1440
2562	1440
2563	1440
2564	1441
2565	1441
2566	1442
2567	1443
2568	1443
2569	1443
2570	1444
2571	1444
2572	1445
2573	1445
2574	1445
2575	1445
2576	1446
2577	1446
2578	1446
2579	1447
2580	1447
2581	1447
2582	1448
2583	1448
2584	1448
2585	1449
2586	1450
2587	1450
2588	1451
2589	1451
2590	1451
2591	1451
2592	1452
2593	1453
2594	1453
2595	1453
2596	1453
2597	1453
2598	1453
2599	1453
2600	1453
2601	1454
2602	1454
2603	1454
2604	1454
2605	1455
2606	1455
2607	1456
2608	1456
2609	1457
2610	1458
2611	1458
2612	1459
2613	1460
2614	1460
2615	1461
2616	1461
2617	1462
2618	1463
2619	1464
2620	1464
2621	1464
2622	1465
2623	1465
2624	1465
2625	1465
2626	1466
2627	1467
2628	1467
2629	1468
2630	1468
2631	1468
2632	1468
2633	1468
2634	1468
2635	1469
2636	1470
2637	1471
2638	1472
2639	1473
2640	1474
2641	1474
2642	1474
2643	1475
2644	1476
2645	1477
2646	1478
2647	1479
2648	1479
2649	1480
2650	1480
2651	1480
2652	1481
2653	1482
2654	1482
2655	1483
2656	1484
2657	1485
2658	1485
2659	1486
2660	1487
2661	1488
2662	1488
2663	1489
2664	1490
2665	1491
2666	1491
2667	1491
2668	1492
2669	1493
2670	1493
2671	1494
2672	1494
2673	1494
2674	1495
2675	1496
2676	1496
2677	1497
2678	1497
2679	1497
2680	1498
2681	1499
2682	1499
2683	1499
2684	1500
2685	1500
2686	1501
2687	1501
2688	1501
2689	1501
2690	1501
2691	1502
2692	1503
2693	1503
2694	1504
2695	1504
2696	1505
2697	1506
2698	1507
2699	1507
2700	1507
2701	1507
2702	1507
2703	1507
2704	1508
2705	1508
2706	1508
2707	1508
2708	1509
2709	1509
2710	1510
2711	1511
2712	1511
2713	1511
2714	1511
2715	1512
2716	1513
2717	1514
2718	1515
2719	1515
2720	1516
2721	1516
2722	1517
2723	1517
2724	1518
2725	1519
2726	1520
2727	1521
2728	1521
2729	1522
2730	1523
2731	1524
2732	1524
2733	1524
2734	1525
2735	1525
2736	1526
2737	1526
2738	1527
2739	1528
2740	1528
2741	1529
2742	1530
2743	1531
2744	1531
2745	1532
2746	1533
2747	1534
2748	1535
2749	1535
2750	1536
2751	1536
2752	1537
2753	1537
2754	1538
2755	1539
2756	1540
2757	1541
2758	1542
2759	1543
2760	1544
2761	1544
2762	1544
2763	1544
2764	1545
2765	1545
2766	1545
2767	1546
2768	1546
2769	1546
2770	1546
2771	1547
2772	1547
2773	1547
2774	1547
2775	1548
2776	1549
2777	1550
2778	1550
2779	1551
2780	1552
2781	1553
2782	1553
2783	1554
2784	1554
2785	1554
2786	1554
2787	1554
2788	1554
2789	1555
2790	1556
2791	1556
2792	1556
2793	1556
2794	1556
2795	1557
2796	1558
2797	1558
2798	1559
2799	1559
2800	1559
2801	1559
2802	1560
2803	1560
2804	1560
2805	1560
2806	1561
2807	1562
2808	1563
2809	1563
2810	1564
2811	1564
2812	1564
2813	1565
2814	1565
2815	1565
2816	1566
2817	1566
2818	1567
2819	1567
2820	1567
2821	1567
2822	1568
2823	1568
2824	1568
2825	1569
2826	1569
2827	1570
2828	1570
2829	1570
2830	1570
2831	1570
2832	1571
2833	1571
2834	1571
2835	1571
2836	1571
2837	1571
2838	1571
2839	1571
2840	1571
2841	1571
2842	1571
2843	1572
2844	1572
2845	1572
2846	1573
2847	1574
2848	1575
2849	1576
2850	1577
2851	1577
2852	1578
2853	1579
2854	1579
2855	1579
2856	1579
2857	1580
2858	1580
2859	1580
2860	1580
2861	1580
2862	1580
2863	1580
2864	1580
2865	1580
2866	1580
2867	1580
2868	1581
2869	1582
2870	1582
2871	1582
2872	1582
2873	1582
2874	1582
2875	1583
2876	1583
2877	1584
2878	1584
2879	1584
2880	1584
2881	1584
2882	1584
2883	1585
2884	1585
2885	1585
2886	1586
2887	1586
2888	1586
2889	1586
2890	1586
2891	1586
2892	1587
2893	1587
2894	1588
2895	1588
2896	1588
2897	1588
2898	1588
2899	1589
2900	1589
2901	1589
2902	1589
2903	1590
2904	1590
2905	1591
2906	1592
2907	1593
2908	1593
2909	1593
2910	1594
2911	1594
2912	1594
2913	1595
2914	1595
2915	1595
2916	1595
2917	1595
2918	1596
2919	1596
2920	1597
2921	1597
2922	1598
2923	1598
2924	1598
2925	1598
2926	1599
2927	1599
2928	1599
2929	1599
2930	1599
2931	1599
2932	1599
2933	1599
2934	1599
2935	1599
2936	1599
2937	1599
2938	1599
2939	1599
2940	1599
2941	1599
2942	1599
2943	1599
2944	1599
2945	1599
2946	1599
2947	1599
2948	1599
2949	1599
2950	1599
2951	1599
2952	1599
2953	1600
2954	1600
2955	1600
2956	1600
2957	1600
2958	1600
2959	1600
2960	1600
2961	1601
2962	1602
2963	1603
2964	1603
2965	1603
2966	1604
2967	1604
2968	1604
2969	1604
2970	1604
2971	1604
2972	1604
2973	1604
2974	1604
2975	1605
2976	1605
2977	1606
2978	1606
2979	1606
2980	1607
2981	1607
2982	1608
2983	1608
2984	1609
2985	1609
2986	1610
2987	1611
2988	1611
2989	1611
2990	1612
2991	1612
2992	1612
2993	1612
2994	1612
2995	1612
2996	1612
2997	1612
2998	1612
2999	1612
3000	1612
3001	1612
3002	1613
3003	1613
3004	1613
3005	1613
3006	1613
3007	1613
3008	1614
3009	1614
3010	1614
3011	1614
3012	1615
3013	1616
3014	1616
3015	1616
3016	1616
3017	1616
3018	1616
3019	1616
3020	1616
3021	1617
3022	1617
3023	1617
3024	1617
3025	1617
3026	1617
3027	1617
3028	1617
3029	1617
3030	1618
3031	1618
3032	1618
3033	1619
3034	1619
3035	1620
3036	1621
3037	1621
3038	1622
3039	1623
3040	1623
3041	1623
3042	1624
3043	1624
3044	1624
3045	1624
3046	1624
3047	1624
3048	1625
3049	1625
3050	1626
3051	1627
3052	1627
3053	1627
3054	1627
3055	1628
3056	1628
3057	1628
3058	1629
3059	1629
3060	1629
3061	1629
3062	1629
3063	1629
3064	1629
3065	1629
3066	1629
3067	1629
3068	1630
3069	1631
3070	1631
3071	1632
3072	1633
3073	1634
3074	1634
3075	1634
3076	1634
3077	1634
3078	1634
3079	1634
3080	1634
3081	1634
3082	1634
3083	1634
3084	1634
3085	1635
3086	1635
3087	1635
3088	1636
3089	1636
3090	1636
3091	1636
3092	1636
3093	1636
3094	1636
3095	1637
3096	1638
3097	1638
3098	1639
3099	1639
3100	1639
3101	1639
3102	1640
3103	1641
3104	1641
3105	1641
3106	1642
3107	1642
3108	1642
3109	1642
3110	1643
3111	1644
3112	1644
3113	1644
3114	1644
3115	1644
3116	1645
3117	1645
3118	1645
3119	1645
3120	1646
3121	1646
3122	1647
3123	1647
3124	1647
3125	1648
3126	1648
3127	1648
3128	1648
3129	1648
3130	1649
3131	1650
3132	1650
3133	1650
3134	1651
3135	1651
3136	1651
3137	1651
3138	1652
3139	1652
3140	1652
3141	1653
3142	1653
3143	1654
3144	1655
3145	1656
3146	1656
3147	1656
3148	1656
3149	1656
3150	1657
3151	1657
3152	1657
3153	1658
3154	1659
3155	1659
3156	1659
3157	1659
3158	1659
3159	1659
3160	1659
3161	1659
3162	1659
3163	1659
3164	1659
3165	1659
3166	1660
3167	1661
3168	1661
3169	1662
3170	1662
3171	1663
3172	1663
3173	1663
3174	1663
3175	1663
3176	1663
3177	1664
3178	1664
3179	1665
3180	1666
3181	1666
3182	1667
3183	1667
3184	1667
3185	1667
3186	1667
3187	1667
3188	1667
3189	1668
3190	1669
3191	1669
3192	1670
3193	1671
3194	1671
3195	1671
3196	1671
3197	1672
3198	1672
3199	1672
3200	1672
3201	1672
3202	1672
3203	1672
3204	1672
3205	1672
3206	1672
3207	1673
3208	1673
3209	1673
3210	1674
3211	1674
3212	1674
3213	1674
3214	1675
3215	1676
3216	1677
3217	1677
3218	1677
3219	1678
3220	1678
3221	1678
3222	1678
3223	1678
3224	1678
3225	1678
3226	1678
3227	1678
3228	1678
3229	1678
3230	1678
3231	1678
3232	1679
3233	1679
3234	1679
3235	1679
3236	1679
3237	1679
3238	1679
3239	1679
3240	1679
3241	1679
3242	1680
3243	1681
3244	1681
3245	1682
3246	1682
3247	1683
3248	1683
3249	1683
3250	1683
3251	1683
3252	1683
3253	1684
3254	1685
3255	1686
3256	1686
3257	1686
3258	1686
3259	1686
3260	1686
3261	1687
3262	1687
3263	1687
3264	1688
3265	1688
3266	1688
3267	1688
3268	1689
3269	1690
3270	1691
3271	1691
3272	1692
3273	1693
3274	1693
3275	1693
3276	1693
3277	1693
3278	1693
3279	1693
3280	1694
3281	1694
3282	1694
3283	1694
3284	1695
3285	1695
3286	1696
3287	1696
3288	1696
3289	1696
3290	1696
3291	1696
3292	1696
3293	1696
3294	1696
3295	1696
3296	1696
3297	1696
3298	1696
3299	1696
3300	1696
3301	1696
3302	1696
3303	1696
3304	1696
3305	1697
3306	1697
3307	1697
3308	1697
3309	1698
3310	1699
3311	1700
3312	1701
3313	1701
3314	1701
3315	1701
3316	1701
3317	1701
3318	1702
3319	1702
3320	1702
3321	1703
3322	1704
3323	1705
3324	1705
3325	1705
3326	1705
3327	1706
3328	1706
3329	1707
3330	1707
3331	1707
3332	1707
3333	1708
3334	1709
3335	1709
3336	1709
3337	1709
3338	1709
3339	1709
3340	1709
3341	1709
3342	1709
3343	1710
3344	1711
3345	1711
3346	1711
3347	1711
3348	1711
3349	1712
3350	1713
3351	1713
3352	1713
3353	1713
3354	1713
3355	1713
3356	1713
3357	1713
3358	1713
3359	1714
3360	1714
3361	1714
3362	1715
3363	1715
3364	1715
3365	1715
3366	1715
3367	1715
3368	1716
3369	1717
3370	1717
3371	1717
3372	1718
3373	1718
3374	1718
3375	1718
3376	1718
3377	1718
3378	1718
3379	1719
3380	1719
3381	1719
3382	1719
3383	1720
3384	1720
3385	1721
3386	1721
3387	1721
3388	1721
3389	1721
3390	1721
3391	1722
3392	1722
3393	1722
3394	1723
3395	1723
3396	1724
3397	1724
3398	1724
3399	1725
3400	1725
3401	1726
3402	1726
3403	1727
3404	1727
3405	1727
3406	1728
3407	1729
3408	1729
3409	1729
3410	1730
3411	1730
3412	1731
3413	1732
3414	1732
3415	1733
3416	1733
3417	1734
3418	1734
3419	1734
3420	1734
3421	1734
3422	1735
3423	1735
3424	1735
3425	1735
3426	1736
3427	1736
3428	1736
3429	1736
3430	1737
3431	1737
3432	1737
3433	1737
3434	1737
3435	1737
3436	1737
3437	1737
3438	1737
3439	1737
3440	1737
3441	1737
3442	1737
3443	1737
3444	1737
3445	1737
3446	1737
3447	1737
3448	1737
3449	1737
3450	1737
3451	1737
3452	1737
3453	1738
3454	1738
3455	1738
3456	1738
3457	1738
3458	1739
3459	1740
3460	1740
3461	1741
3462	1741
3463	1742
3464	1743
3465	1744
3466	1744
3467	1744
3468	1744
3469	1744
3470	1745
3471	1745
3472	1745
3473	1745
3474	1745
3475	1745
3476	1746
3477	1746
3478	1746
3479	1746
3480	1747
3481	1747
3482	1747
3483	1747
3484	1747
3485	1748
3486	1748
3487	1749
3488	1749
3489	1750
3490	1750
3491	1750
3492	1750
3493	1751
3494	1752
3495	1752
3496	1752
3497	1753
3498	1753
3499	1753
3500	1754
3501	1755
3502	1755
3503	1755
3504	1755
3505	1755
3506	1755
3507	1755
3508	1756
3509	1757
3510	1758
3511	1758
3512	1758
3513	1758
3514	1758
3515	1758
3516	1758
3517	1758
3518	1758
3519	1759
3520	1760
3521	1760
3522	1761
3523	1761
3524	1761
3525	1761
3526	1761
3527	1761
3528	1761
3529	1761
3530	1761
3531	1761
3532	1761
3533	1761
3534	1761
3535	1762
3536	1762
3537	1762
3538	1762
3539	1762
3540	1762
3541	1763
3542	1764
3543	1764
3544	1765
3545	1765
3546	1766
3547	1766
3548	1766
3549	1766
3550	1767
3551	1767
3552	1768
3553	1769
3554	1770
3555	1770
3556	1770
3557	1770
3558	1770
3559	1770
3560	1770
3561	1770
3562	1771
3563	1771
3564	1771
3565	1771
3566	1771
3567	1772
3568	1773
3569	1774
3570	1774
3571	1774
3572	1774
3573	1775
3574	1775
3575	1775
3576	1775
3577	1776
3578	1777
3579	1777
3580	1777
3581	1777
3582	1777
3583	1777
3584	1777
3585	1777
3586	1777
3587	1777
3588	1777
3589	1777
3590	1777
3591	1777
3592	1777
3593	1777
3594	1777
3595	1777
3596	1777
3597	1777
3598	1777
3599	1777
3600	1777
3601	1777
3602	1777
3603	1777
3604	1777
3605	1777
3606	1777
3607	1777
3608	1777
3609	1777
3610	1777
3611	1777
3612	1777
3613	1777
3614	1778
3615	1778
3616	1778
3617	1778
3618	1778
3619	1778
3620	1779
3621	1780
3622	1780
3623	1780
3624	1780
3625	1781
3626	1781
3627	1781
3628	1782
3629	1782
3630	1782
3631	1782
3632	1782
3633	1783
3634	1783
3635	1784
3636	1784
3637	1784
3638	1784
3639	1785
3640	1785
3641	1785
3642	1785
3643	1785
3644	1785
3645	1785
3646	1786
3647	1786
3648	1787
3649	1787
3650	1787
3651	1787
3652	1787
3653	1788
3654	1789
3655	1789
3656	1790
3657	1790
3658	1790
3659	1790
3660	1790
3661	1790
3662	1790
3663	1790
3664	1790
3665	1790
3666	1790
3667	1791
3668	1791
3669	1791
3670	1791
3671	1791
3672	1791
3673	1792
3674	1792
3675	1792
3676	1792
3677	1792
3678	1792
3679	1792
3680	1792
3681	1792
3682	1792
3683	1792
3684	1792
3685	1792
3686	1792
3687	1792
3688	1792
3689	1793
3690	1794
3691	1794
3692	1794
3693	1794
3694	1794
3695	1795
3696	1795
3697	1796
3698	1796
3699	1796
3700	1796
3701	1796
3702	1796
3703	1796
3704	1796
3705	1796
3706	1796
3707	1796
3708	1797
3709	1797
3710	1797
3711	1798
3712	1798
3713	1798
3714	1798
3715	1798
3716	1798
3717	1798
3718	1798
3719	1798
3720	1798
3721	1798
3722	1799
3723	1799
3724	1800
3725	1800
3726	1800
3727	1801
3728	1801
3729	1801
3730	1802
3731	1802
3732	1802
3733	1803
3734	1804
3735	1804
3736	1805
3737	1805
3738	1806
3739	1806
3740	1807
3741	1807
3742	1808
3743	1808
3744	1808
3745	1809
3746	1809
3747	1809
3748	1810
3749	1811
3750	1811
3751	1811
3752	1811
3753	1811
3754	1811
3755	1811
3756	1812
3757	1812
3758	1812
3759	1812
3760	1812
3761	1812
3762	1813
3763	1813
3764	1813
3765	1813
3766	1813
3767	1813
3768	1814
3769	1815
3770	1816
3771	1816
3772	1816
3773	1816
3774	1817
3775	1818
3776	1818
3777	1818
3778	1818
3779	1819
3780	1820
3781	1821
3782	1822
3783	1823
3784	1824
3785	1824
3786	1825
3787	1825
3788	1825
3789	1825
3790	1825
3791	1825
3792	1826
3793	1827
3794	1827
3795	1827
3796	1828
3797	1828
3798	1829
3799	1829
3800	1829
3801	1829
3802	1829
3803	1829
3804	1830
3805	1831
3806	1832
3807	1832
3808	1832
3809	1832
3810	1832
3811	1833
3812	1834
3813	1834
3814	1835
3815	1836
3816	1837
3817	1838
3818	1839
3819	1839
3820	1840
3821	1841
3822	1842
3823	1843
3824	1843
3825	1844
3826	1844
3827	1845
3828	1845
3829	1845
3830	1845
3831	1846
3832	1846
3833	1847
3834	1847
3835	1847
3836	1847
3837	1847
3838	1847
3839	1847
3840	1847
3841	1848
3842	1849
3843	1849
3844	1850
3845	1850
3846	1851
3847	1852
3848	1852
3849	1852
3850	1852
3851	1852
3852	1853
3853	1853
3854	1853
3855	1854
3856	1855
3857	1855
3858	1856
3859	1856
3860	1856
3861	1856
3862	1856
3863	1856
3864	1857
3865	1857
3866	1858
3867	1859
3868	1859
3869	1860
3870	1860
3871	1860
3872	1860
3873	1860
3874	1860
3875	1861
3876	1862
3877	1863
3878	1864
3879	1864
3880	1864
3881	1865
3882	1865
3883	1865
3884	1866
3885	1866
3886	1866
3887	1867
3888	1867
3889	1867
3890	1867
3891	1867
3892	1867
3893	1867
3894	1867
3895	1867
3896	1868
3897	1868
3898	1868
3899	1868
3900	1868
3901	1868
3902	1868
3903	1868
3904	1868
3905	1868
3906	1869
3907	1869
3908	1870
3909	1870
3910	1870
3911	1870
3912	1871
3913	1872
3914	1872
3915	1873
3916	1874
3917	1874
3918	1875
3919	1875
3920	1875
3921	1875
3922	1875
3923	1875
3924	1876
3925	1877
3926	1878
3927	1878
3928	1878
3929	1878
3930	1879
3931	1879
3932	1880
3933	1881
3934	1882
3935	1883
3936	1883
3937	1884
3938	1884
3939	1885
3940	1885
3941	1886
3942	1886
3943	1887
3944	1887
3945	1888
3946	1888
3947	1889
3948	1890
3949	1890
3950	1891
3951	1892
3952	1893
3953	1893
3954	1893
3955	1894
3956	1894
3957	1894
3958	1894
3959	1895
3960	1896
3961	1896
3962	1896
3963	1896
3964	1897
3965	1897
3966	1897
3967	1897
3968	1897
3969	1897
3970	1897
3971	1897
3972	1898
3973	1898
3974	1898
3975	1898
3976	1898
3977	1898
3978	1898
3979	1898
3980	1898
3981	1898
3982	1898
3983	1898
3984	1898
3985	1898
3986	1898
3987	1899
3988	1900
3989	1900
3990	1901
3991	1902
3992	1902
3993	1902
3994	1902
3995	1902
3996	1902
3997	1902
3998	1902
3999	1902
4000	1902
4001	1903
4002	1903
4003	1904
4004	1904
4005	1905
4006	1905
4007	1905
4008	1906
4009	1907
4010	1907
4011	1907
4012	1907
4013	1908
4014	1908
4015	1908
4016	1909
4017	1909
4018	1910
4019	1911
4020	1912
4021	1912
4022	1912
4023	1913
4024	1913
4025	1914
4026	1915
4027	1915
4028	1915
4029	1915
4030	1915
4031	1916
4032	1916
4033	1916
4034	1916
4035	1917
4036	1917
4037	1917
4038	1917
4039	1917
4040	1918
4041	1918
4042	1919
4043	1919
4044	1920
4045	1921
4046	1921
4047	1921
4048	1921
4049	1921
4050	1922
4051	1922
4052	1922
4053	1922
4054	1922
4055	1922
4056	1922
4057	1922
4058	1922
4059	1922
4060	1922
4061	1922
4062	1923
4063	1924
4064	1924
4065	1925
4066	1926
4067	1927
4068	1927
4069	1927
4070	1927
4071	1927
4072	1927
4073	1927
4074	1928
4075	1929
4076	1929
4077	1930
4078	1930
4079	1930
4080	1930
4081	1930
4082	1930
4083	1931
4084	1932
4085	1932
4086	1932
4087	1932
4088	1932
4089	1933
4090	1933
4091	1934
4092	1934
4093	1935
4094	1935
4095	1935
4096	1935
4097	1935
4098	1935
4099	1936
4100	1936
4101	1937
4102	1937
4103	1937
4104	1937
4105	1938
4106	1938
4107	1938
4108	1938
4109	1939
4110	1940
4111	1940
4112	1940
4113	1941
4114	1942
4115	1942
4116	1942
4117	1942
4118	1943
4119	1943
4120	1943
4121	1943
4122	1943
4123	1943
4124	1943
4125	1943
4126	1943
4127	1944
4128	1945
4129	1946
4130	1946
4131	1946
4132	1946
4133	1947
4134	1947
4135	1947
4136	1948
4137	1948
4138	1948
4139	1949
4140	1949
4141	1949
4142	1949
4143	1949
4144	1950
4145	1950
4146	1950
4147	1951
4148	1951
4149	1951
4150	1951
4151	1951
4152	1951
4153	1951
4154	1951
4155	1951
4156	1951
4157	1951
4158	1951
4159	1951
4160	1951
4161	1951
4162	1951
4163	1951
4164	1951
4165	1951
4166	1952
4167	1952
4168	1953
4169	1954
4170	1954
4171	1954
4172	1954
4173	1954
4174	1955
4175	1955
4176	1956
4177	1956
4178	1957
4179	1958
4180	1959
4181	1960
4182	1960
4183	1960
4184	1960
4185	1961
4186	1961
4187	1962
4188	1962
4189	1962
4190	1962
4191	1962
4192	1963
4193	1963
4194	1963
4195	1963
4196	1963
4197	1964
4198	1964
4199	1964
4200	1965
4201	1966
4202	1967
4203	1967
4204	1968
4205	1969
4206	1969
4207	1969
4208	1969
4209	1969
4210	1970
4211	1971
4212	1971
4213	1971
4214	1971
4215	1971
4216	1971
4217	1971
4218	1971
4219	1971
4220	1971
4221	1971
4222	1972
4223	1972
4224	1972
4225	1973
4226	1973
4227	1973
4228	1973
4229	1973
4230	1974
4231	1975
4232	1976
4233	1976
4234	1976
4235	1976
4236	1976
4237	1976
4238	1976
4239	1976
4240	1976
4241	1976
4242	1976
4243	1976
4244	1977
4245	1978
4246	1978
4247	1978
4248	1978
4249	1978
4250	1978
4251	1978
4252	1978
4253	1978
4254	1979
4255	1980
4256	1981
4257	1981
4258	1982
4259	1983
4260	1984
4261	1984
4262	1985
4263	1986
4264	1987
4265	1988
4266	1988
4267	1988
4268	1989
4269	1990
4270	1990
4271	1990
4272	1990
4273	1990
4274	1990
4275	1990
4276	1990
4277	1990
4278	1990
4279	1990
4280	1990
4281	1990
4282	1990
4283	1990
4284	1990
4285	1991
4286	1991
4287	1992
4288	1992
4289	1992
4290	1993
4291	1993
4292	1993
4293	1993
4294	1994
4295	1995
4296	1995
4297	1995
4298	1995
4299	1995
4300	1995
4301	1995
4302	1995
4303	1995
4304	1995
4305	1996
4306	1996
4307	1996
4308	1996
4309	1996
4310	1996
4311	1997
4312	1997
4313	1998
4314	1998
4315	1998
4316	1999
4317	1999
4318	2000
4319	2000
4320	2000
4321	2001
4322	2002
4323	2003
4324	2003
4325	2003
4326	2003
4327	2003
4328	2004
4329	2005
4330	2006
4331	2007
4332	2007
4333	2007
4334	2008
4335	2009
4336	2009
4337	2009
4338	2009
4339	2009
4340	2009
4341	2009
4342	2009
4343	2010
4344	2010
4345	2010
4346	2011
4347	2012
4348	2012
4349	2012
4350	2012
4351	2012
4352	2013
4353	2013
4354	2014
4355	2014
4356	2014
4357	2015
4358	2016
4359	2016
4360	2016
4361	2017
4362	2018
4363	2018
4364	2019
4365	2020
4366	2021
4367	2021
4368	2021
4369	2022
4370	2023
4371	2023
4372	2023
4373	2023
4374	2024
4375	2024
4376	2024
4377	2025
4378	2025
4379	2025
4380	2025
4381	2025
4382	2025
4383	2025
4384	2026
4385	2027
4386	2027
4387	2027
4388	2027
4389	2027
4390	2027
4391	2027
4392	2027
4393	2027
4394	2027
4395	2027
4396	2028
4397	2028
4398	2029
4399	2029
4400	2029
4401	2029
4402	2030
4403	2031
4404	2031
4405	2032
4406	2032
4407	2032
4408	2032
4409	2032
4410	2032
4411	2032
4412	2033
4413	2033
4414	2033
4415	2034
4416	2035
4417	2036
4418	2036
4419	2037
4420	2038
4421	2038
4422	2039
4423	2039
4424	2040
4425	2041
4426	2041
4427	2042
4428	2043
4429	2043
4430	2043
4431	2043
4432	2043
4433	2043
4434	2043
4435	2044
4436	2045
4437	2045
4438	2046
4439	2046
4440	2046
4441	2046
4442	2047
4443	2048
4444	2048
4445	2049
4446	2050
4447	2050
4448	2050
4449	2051
4450	2051
4451	2052
4452	2052
4453	2053
4454	2053
4455	2054
4456	2055
4457	2056
4458	2056
4459	2057
4460	2057
4461	2058
4462	2058
4463	2059
4464	2059
4465	2059
4466	2059
4467	2059
4468	2059
4469	2059
4470	2060
4471	2060
4472	2060
4473	2060
4474	2060
4475	2061
4476	2061
4477	2061
4478	2062
4479	2062
4480	2063
4481	2064
4482	2065
4483	2066
4484	2066
4485	2067
4486	2068
4487	2069
4488	2069
4489	2069
4490	2070
4491	2071
4492	2071
4493	2071
4494	2072
4495	2073
4496	2074
4497	2074
4498	2075
4499	2076
4500	2077
4501	2078
4502	2078
4503	2078
4504	2078
4505	2078
4506	2079
4507	2080
4508	2080
4509	2080
4510	2081
4511	2082
4512	2083
4513	2084
4514	2085
4515	2085
4516	2085
4517	2085
4518	2086
4519	2086
4520	2086
4521	2086
4522	2086
4523	2086
4524	2087
4525	2087
4526	2087
4527	2087
4528	2088
4529	2089
4530	2089
4531	2089
4532	2089
4533	2089
4534	2089
4535	2090
4536	2091
4537	2092
4538	2092
4539	2093
4540	2093
4541	2093
4542	2093
4543	2093
4544	2093
4545	2094
4546	2094
4547	2095
4548	2096
4549	2096
4550	2096
4551	2097
4552	2097
4553	2098
4554	2098
4555	2099
4556	2099
4557	2099
4558	2100
4559	2100
4560	2101
4561	2102
4562	2102
4563	2102
4564	2102
4565	2102
4566	2103
4567	2103
4568	2103
4569	2104
4570	2105
4571	2106
4572	2106
4573	2107
4574	2107
4575	2107
4576	2107
4577	2107
4578	2107
4579	2107
4580	2107
4581	2107
4582	2108
4583	2108
4584	2108
4585	2108
4586	2109
4587	2110
4588	2110
4589	2111
4590	2112
4591	2112
4592	2112
4593	2112
4594	2112
4595	2113
4596	2114
4597	2114
4598	2114
4599	2114
4600	2115
4601	2115
4602	2116
4603	2116
4604	2117
4605	2118
4606	2118
4607	2119
4608	2120
4609	2120
4610	2120
4611	2120
4612	2121
4613	2121
4614	2121
4615	2121
4616	2121
4617	2121
4618	2121
4619	2121
4620	2121
4621	2121
4622	2122
4623	2122
4624	2122
4625	2122
4626	2122
4627	2123
4628	2123
4629	2124
4630	2124
4631	2124
4632	2124
4633	2125
4634	2125
4635	2125
4636	2125
4637	2125
4638	2125
4639	2125
4640	2126
4641	2126
4642	2127
4643	2128
4644	2128
4645	2128
4646	2129
4647	2129
4648	2129
4649	2130
4650	2131
4651	2132
4652	2133
4653	2134
4654	2134
4655	2134
4656	2134
4657	2134
4658	2134
4659	2134
4660	2134
4661	2135
4662	2135
4663	2135
4664	2136
4665	2136
4666	2137
4667	2137
4668	2137
4669	2138
4670	2138
4671	2139
4672	2139
4673	2139
4674	2139
4675	2139
4676	2140
4677	2140
4678	2140
4679	2140
4680	2140
4681	2140
4682	2141
4683	2141
4684	2142
4685	2143
4686	2144
4687	2144
4688	2144
4689	2144
4690	2145
4691	2145
4692	2145
4693	2145
4694	2145
4695	2145
4696	2145
4697	2146
4698	2147
4699	2147
4700	2147
4701	2148
4702	2148
4703	2149
4704	2149
4705	2150
4706	2150
4707	2150
4708	2151
4709	2152
4710	2152
4711	2153
4712	2153
4713	2153
4714	2153
4715	2153
4716	2153
4717	2153
4718	2153
4719	2154
4720	2154
4721	2155
4722	2155
4723	2155
4724	2155
4725	2155
4726	2155
4727	2155
4728	2156
4729	2157
4730	2158
4731	2158
4732	2158
4733	2159
4734	2160
4735	2160
4736	2160
4737	2160
4738	2160
4739	2161
4740	2161
4741	2161
4742	2161
4743	2161
4744	2162
4745	2162
4746	2163
4747	2164
4748	2164
4749	2164
4750	2165
4751	2165
4752	2166
4753	2167
4754	2168
4755	2168
4756	2168
4757	2168
4758	2168
4759	2169
4760	2169
4761	2170
4762	2170
4763	2170
4764	2171
4765	2171
4766	2172
4767	2172
4768	2173
4769	2173
4770	2173
4771	2173
4772	2173
4773	2174
4774	2174
4775	2174
4776	2174
4777	2174
4778	2174
4779	2174
4780	2174
4781	2174
4782	2175
4783	2175
4784	2176
4785	2176
4786	2177
4787	2177
4788	2177
4789	2177
4790	2177
4791	2177
4792	2177
4793	2177
4794	2177
4795	2178
4796	2179
4797	2180
4798	2180
4799	2180
4800	2181
4801	2181
4802	2182
4803	2182
4804	2182
4805	2182
4806	2182
4807	2183
4808	2183
4809	2184
4810	2184
4811	2185
4812	2185
4813	2186
4814	2186
4815	2187
4816	2188
4817	2188
4818	2189
4819	2190
4820	2190
4821	2190
4822	2190
4823	2190
4824	2190
4825	2190
4826	2190
4827	2191
4828	2191
4829	2191
4830	2192
4831	2192
4832	2192
4833	2193
4834	2193
4835	2194
4836	2195
4837	2195
4838	2195
4839	2196
4840	2196
4841	2196
4842	2197
4843	2197
4844	2197
4845	2197
4846	2198
4847	2198
4848	2198
4849	2198
4850	2198
4851	2199
4852	2200
4853	2201
4854	2202
4855	2202
4856	2203
4857	2203
4858	2203
4859	2204
4860	2204
4861	2204
4862	2205
4863	2206
4864	2206
4865	2207
4866	2207
4867	2208
4868	2208
4869	2209
4870	2210
4871	2210
4872	2210
4873	2211
4874	2212
4875	2212
4876	2212
4877	2212
4878	2212
4879	2212
4880	2213
4881	2214
4882	2214
4883	2215
4884	2216
4885	2216
4886	2217
4887	2217
4888	2217
4889	2218
4890	2218
4891	2218
4892	2218
4893	2219
4894	2220
4895	2221
4896	2221
4897	2222
4898	2222
4899	2222
4900	2223
4901	2223
4902	2223
4903	2223
4904	2223
4905	2223
4906	2224
4907	2224
4908	2225
4909	2226
4910	2226
4911	2226
4912	2226
4913	2227
4914	2227
4915	2227
4916	2228
4917	2228
4918	2228
4919	2229
4920	2230
4921	2230
4922	2231
4923	2232
4924	2232
4925	2233
4926	2234
4927	2234
4928	2234
4929	2234
4930	2235
4931	2235
4932	2236
4933	2236
4934	2236
4935	2236
4936	2236
4937	2236
4938	2236
4939	2237
4940	2238
4941	2238
4942	2238
4943	2238
4944	2239
4945	2239
4946	2239
4947	2240
4948	2241
4949	2241
4950	2241
4951	2242
4952	2242
4953	2243
4954	2243
4955	2243
4956	2244
4957	2245
4958	2246
4959	2246
4960	2246
4961	2246
4962	2246
4963	2246
4964	2246
4965	2246
4966	2246
4967	2246
4968	2247
4969	2248
4970	2249
4971	2250
4972	2251
4973	2252
4974	2253
4975	2254
4976	2255
4977	2256
4978	2257
4979	2258
4980	2259
4981	2260
4982	2261
4983	2262
4984	2263
4985	2264
4986	2265
4987	2266
4988	2267
4989	2268
4990	2269
4991	2270
4992	2271
4993	2272
4994	2273
4995	2274
4996	2274
4997	2275
4998	2276
4999	2277
5000	2277
5001	2278
5002	2279
5003	2280
5004	2281
5005	2282
5006	2282
5007	2283
5008	2283
5009	2284
5010	2285
5011	2285
5012	2285
5013	2285
5014	2285
5015	2286
5016	2287
5017	2287
5018	2287
5019	2288
5020	2289
5021	2290
5022	2291
5023	2292
5024	2292
5025	2292
5026	2292
5027	2293
5028	2293
5029	2293
5030	2293
5031	2293
5032	2293
5033	2294
5034	2294
5035	2294
5036	2294
5037	2295
5038	2296
5039	2297
5040	2297
5041	2298
5042	2298
5043	2298
5044	2298
5045	2298
5046	2298
5047	2298
5048	2298
5049	2299
5050	2300
5051	2300
5052	2300
5053	2300
5054	2300
5055	2301
5056	2301
5057	2301
5058	2301
5059	2301
5060	2302
5061	2302
5062	2302
5063	2302
5064	2302
5065	2303
5066	2303
5067	2303
5068	2303
5069	2303
5070	2304
5071	2305
5072	2305
5073	2306
5074	2306
5075	2307
5076	2307
5077	2307
5078	2307
5079	2307
5080	2307
5081	2308
5082	2308
5083	2308
5084	2308
5085	2308
5086	2308
5087	2308
5088	2308
5089	2309
5090	2310
5091	2311
5092	2312
5093	2312
5094	2312
5095	2312
5096	2313
5097	2314
5098	2314
5099	2314
5100	2314
5101	2314
5102	2314
5103	2314
5104	2314
5105	2315
5106	2315
5107	2316
5108	2317
5109	2317
5110	2317
5111	2317
5112	2318
5113	2318
5114	2318
5115	2319
5116	2319
5117	2319
5118	2319
5119	2320
5120	2321
5121	2321
5122	2321
5123	2321
5124	2321
5125	2321
5126	2321
5127	2321
5128	2321
5129	2321
5130	2321
5131	2322
5132	2322
5133	2322
5134	2323
5135	2323
5136	2323
5137	2323
5138	2323
5139	2324
5140	2324
5141	2324
5142	2324
5143	2324
5144	2324
5145	2324
5146	2324
5147	2324
5148	2325
5149	2325
5150	2325
5151	2325
5152	2325
5153	2325
5154	2326
5155	2326
5156	2326
5157	2327
5158	2327
5159	2328
5160	2329
5161	2329
5162	2330
5163	2331
5164	2331
5165	2332
5166	2332
5167	2332
5168	2333
5169	2334
5170	2335
5171	2335
5172	2335
5173	2335
5174	2336
5175	2336
5176	2336
5177	2336
5178	2337
5179	2337
5180	2337
5181	2338
5182	2338
5183	2338
5184	2338
5185	2338
5186	2339
5187	2340
5188	2341
5189	2341
5190	2342
5191	2342
5192	2342
5193	2342
5194	2342
5195	2342
5196	2343
5197	2343
5198	2343
5199	2343
5200	2344
5201	2344
5202	2344
5203	2344
5204	2344
5205	2345
5206	2345
5207	2345
5208	2346
5209	2347
5210	2347
5211	2348
5212	2349
5213	2350
5214	2351
5215	2352
5216	2352
5217	2352
5218	2352
5219	2353
5220	2354
5221	2354
5222	2355
5223	2356
5224	2356
5225	2356
5226	2356
5227	2356
5228	2357
5229	2357
5230	2357
5231	2358
5232	2358
5233	2358
5234	2358
5235	2358
5236	2359
5237	2359
5238	2360
5239	2360
5240	2360
5241	2360
5242	2360
5243	2360
5244	2360
5245	2360
5246	2360
5247	2360
5248	2360
5249	2360
5250	2360
5251	2360
5252	2360
5253	2360
5254	2360
5255	2360
5256	2361
5257	2361
5258	2361
5259	2361
5260	2361
5261	2361
5262	2362
5263	2362
5264	2362
5265	2362
5266	2362
5267	2362
5268	2362
5269	2362
5270	2362
5271	2362
5272	2362
5273	2362
5274	2362
5275	2362
5276	2362
5277	2363
5278	2363
5279	2363
5280	2363
5281	2364
5282	2364
5283	2364
5284	2364
5285	2364
5286	2365
5287	2365
5288	2365
5289	2366
5290	2366
5291	2366
5292	2366
5293	2366
5294	2366
5295	2366
5296	2366
5297	2366
5298	2367
5299	2367
5300	2367
5301	2367
5302	2367
5303	2367
5304	2367
5305	2367
5306	2367
5307	2367
5308	2367
5309	2367
5310	2367
5311	2367
5312	2367
5313	2367
5314	2367
5315	2367
5316	2367
5317	2367
5318	2367
5319	2367
5320	2367
5321	2367
5322	2368
5323	2368
5324	2368
5325	2368
5326	2368
5327	2368
5328	2368
5329	2369
5330	2369
5331	2369
5332	2369
5333	2370
5334	2370
5335	2371
5336	2372
5337	2372
5338	2372
5339	2372
5340	2372
5341	2373
5342	2373
5343	2373
5344	2373
5345	2373
5346	2374
5347	2374
5348	2374
5349	2374
5350	2374
5351	2374
5352	2374
5353	2374
5354	2374
5355	2374
5356	2375
5357	2375
5358	2375
5359	2375
5360	2376
5361	2377
5362	2377
5363	2377
5364	2377
5365	2377
5366	2377
5367	2377
5368	2377
5369	2377
5370	2377
5371	2378
5372	2378
5373	2378
5374	2379
5375	2379
5376	2379
5377	2379
5378	2379
5379	2379
5380	2379
5381	2379
5382	2379
5383	2380
5384	2381
5385	2381
5386	2381
5387	2381
5388	2381
5389	2382
5390	2382
5391	2383
5392	2384
5393	2384
5394	2384
5395	2385
5396	2385
5397	2385
5398	2385
5399	2385
5400	2385
5401	2386
5402	2386
5403	2386
5404	2386
5405	2386
5406	2387
5407	2387
5408	2387
5409	2388
5410	2388
5411	2388
5412	2388
5413	2389
5414	2389
5415	2389
5416	2389
5417	2389
5418	2389
5419	2390
5420	2390
5421	2391
5422	2391
5423	2392
5424	2393
5425	2394
5426	2395
5427	2396
5428	2396
5429	2397
5430	2398
5431	2398
5432	2398
5433	2399
5434	2399
5435	2400
5436	2401
5437	2402
5438	2403
5439	2403
5440	2404
5441	2404
5442	2404
5443	2404
5444	2405
5445	2405
5446	2405
5447	2406
5448	2407
5449	2407
5450	2407
5451	2407
5452	2407
5453	2407
5454	2407
5455	2407
5456	2407
5457	2407
5458	2407
5459	2407
5460	2408
5461	2409
5462	2409
5463	2409
5464	2409
5465	2410
5466	2410
5467	2410
5468	2410
5469	2410
5470	2410
5471	2410
5472	2411
5473	2411
5474	2411
5475	2411
5476	2411
5477	2411
5478	2411
5479	2411
5480	2411
5481	2412
5482	2412
5483	2412
5484	2413
5485	2413
5486	2413
5487	2414
5488	2415
5489	2416
5490	2417
5491	2417
5492	2418
5493	2418
5494	2418
5495	2418
5496	2418
5497	2418
5498	2418
5499	2418
5500	2419
5501	2419
5502	2419
5503	2419
5504	2419
5505	2419
5506	2419
5507	2420
5508	2421
5509	2421
5510	2422
5511	2423
5512	2423
5513	2423
5514	2423
5515	2423
5516	2423
5517	2423
5518	2423
5519	2424
5520	2424
5521	2424
5522	2424
5523	2424
5524	2425
5525	2425
5526	2426
5527	2427
5528	2427
5529	2428
5530	2429
5531	2430
5532	2430
5533	2430
5534	2430
5535	2430
5536	2430
5537	2430
5538	2430
5539	2431
5540	2431
5541	2431
5542	2432
5543	2432
5544	2432
5545	2432
5546	2432
5547	2433
5548	2433
5549	2433
5550	2433
5551	2433
5552	2433
5553	2433
5554	2433
5555	2433
5556	2433
5557	2433
5558	2433
5559	2433
5560	2433
5561	2433
5562	2433
5563	2434
5564	2435
5565	2435
5566	2435
5567	2436
5568	2437
5569	2438
5570	2438
5571	2438
5572	2438
5573	2439
5574	2440
5575	2441
5576	2441
5577	2441
5578	2441
5579	2442
5580	2442
5581	2442
5582	2443
5583	2443
5584	2443
5585	2443
5586	2443
5587	2443
5588	2443
5589	2443
5590	2443
5591	2443
5592	2444
5593	2445
5594	2445
5595	2446
5596	2447
5597	2448
5598	2448
5599	2448
5600	2449
5601	2449
5602	2449
5603	2449
5604	2449
5605	2450
5606	2450
5607	2451
5608	2451
5609	2452
5610	2452
5611	2453
5612	2453
5613	2454
5614	2454
5615	2455
5616	2456
5617	2456
5618	2456
5619	2457
5620	2457
5621	2457
5622	2458
5623	2458
5624	2458
5625	2459
5626	2459
5627	2459
5628	2459
5629	2459
5630	2459
5631	2459
5632	2459
5633	2459
5634	2459
5635	2459
5636	2459
5637	2460
5638	2460
5639	2460
5640	2460
5641	2461
5642	2461
5643	2462
5644	2463
5645	2463
5646	2463
5647	2464
5648	2465
5649	2465
5650	2465
5651	2465
5652	2466
5653	2466
5654	2466
5655	2467
5656	2468
5657	2468
5658	2468
5659	2469
5660	2469
5661	2469
5662	2470
5663	2470
5664	2470
5665	2470
5666	2471
5667	2471
5668	2471
5669	2471
5670	2472
5671	2473
5672	2474
5673	2474
5674	2474
5675	2474
5676	2475
5677	2475
5678	2475
5679	2475
5680	2476
5681	2476
5682	2476
5683	2476
5684	2477
5685	2477
5686	2477
5687	2477
5688	2477
5689	2477
5690	2478
5691	2478
5692	2478
5693	2478
5694	2478
5695	2478
5696	2478
5697	2478
5698	2479
5699	2480
5700	2480
5701	2481
5702	2482
5703	2482
5704	2483
5705	2483
5706	2483
5707	2483
5708	2483
5709	2483
5710	2483
5711	2483
5712	2483
5713	2484
5714	2484
5715	2484
5716	2485
5717	2485
5718	2485
5719	2485
5720	2486
5721	2487
5722	2488
5723	2489
5724	2489
5725	2490
5726	2490
5727	2490
5728	2490
5729	2491
5730	2492
5731	2493
5732	2494
5733	2494
5734	2495
5735	2495
5736	2496
5737	2496
5738	2497
5739	2498
5740	2498
5741	2498
5742	2498
5743	2499
5744	2500
5745	2500
5746	2501
5747	2501
5748	2502
5749	2502
5750	2503
5751	2503
5752	2503
5753	2503
5754	2503
5755	2503
5756	2503
5757	2503
5758	2503
5759	2504
5760	2505
5761	2505
5762	2505
5763	2506
5764	2506
5765	2506
5766	2506
5767	2507
5768	2507
5769	2507
5770	2508
5771	2509
5772	2510
5773	2510
5774	2510
5775	2510
5776	2510
5777	2510
5778	2511
5779	2512
5780	2512
5781	2513
5782	2513
5783	2514
5784	2515
5785	2515
5786	2515
5787	2515
5788	2516
5789	2516
5790	2516
5791	2517
5792	2517
5793	2518
5794	2518
5795	2518
5796	2518
5797	2518
5798	2519
5799	2519
5800	2519
5801	2520
5802	2520
5803	2520
5804	2520
5805	2521
5806	2521
5807	2522
5808	2522
5809	2522
5810	2522
5811	2522
5812	2523
5813	2524
5814	2525
5815	2525
5816	2525
5817	2525
5818	2525
5819	2526
5820	2526
5821	2526
5822	2526
5823	2527
5824	2527
5825	2527
5826	2527
5827	2528
5828	2529
5829	2529
5830	2529
5831	2529
5832	2529
5833	2529
5834	2529
5835	2529
5836	2530
5837	2531
5838	2531
5839	2531
5840	2532
5841	2532
5842	2533
5843	2534
5844	2535
5845	2535
5846	2535
5847	2535
5848	2535
5849	2535
5850	2536
5851	2537
5852	2537
5853	2537
5854	2537
5855	2537
5856	2537
5857	2538
5858	2539
5859	2539
5860	2540
5861	2540
5862	2540
5863	2541
5864	2541
5865	2541
5866	2541
5867	2542
5868	2542
5869	2542
5870	2543
5871	2544
5872	2544
5873	2544
5874	2544
5875	2544
5876	2545
5877	2546
5878	2546
5879	2547
5880	2548
5881	2549
5882	2549
5883	2549
5884	2549
5885	2550
5886	2551
5887	2551
5888	2551
5889	2551
5890	2552
5891	2553
5892	2553
5893	2553
5894	2553
5895	2553
5896	2553
5897	2553
5898	2553
5899	2554
5900	2554
5901	2554
5902	2554
5903	2554
5904	2554
5905	2555
5906	2555
5907	2555
5908	2555
5909	2556
5910	2557
5911	2557
5912	2558
5913	2558
5914	2558
5915	2558
5916	2558
5917	2558
5918	2558
5919	2559
5920	2559
5921	2559
5922	2560
5923	2560
5924	2560
5925	2561
5926	2561
5927	2561
5928	2561
5929	2561
5930	2561
5931	2562
5932	2562
5933	2562
5934	2563
5935	2563
5936	2563
5937	2564
5938	2565
5939	2565
5940	2566
5941	2566
5942	2566
5943	2567
5944	2568
5945	2568
5946	2569
5947	2569
5948	2569
5949	2569
5950	2569
5951	2569
5952	2569
5953	2570
5954	2570
5955	2570
5956	2570
5957	2570
5958	2570
5959	2570
5960	2570
5961	2570
5962	2571
5963	2571
5964	2571
5965	2571
5966	2571
5967	2572
5968	2572
5969	2572
5970	2572
5971	2572
5972	2573
5973	2573
5974	2574
5975	2574
5976	2575
5977	2576
5978	2576
5979	2577
5980	2577
5981	2578
5982	2578
5983	2579
5984	2580
5985	2580
5986	2581
5987	2581
5988	2582
5989	2582
5990	2582
5991	2582
5992	2582
5993	2583
5994	2583
5995	2584
5996	2585
5997	2585
5998	2585
5999	2585
6000	2586
6001	2587
6002	2588
6003	2588
6004	2589
6005	2589
6006	2589
6007	2589
6008	2589
6009	2589
6010	2589
6011	2589
6012	2589
6013	2590
6014	2591
6015	2592
6016	2593
6017	2594
6018	2594
6019	2594
6020	2594
6021	2595
6022	2596
6023	2596
6024	2597
6025	2597
6026	2597
6027	2598
6028	2598
6029	2598
6030	2598
6031	2598
6032	2598
6033	2598
6034	2599
6035	2599
6036	2600
6037	2601
6038	2601
6039	2602
6040	2602
6041	2603
6042	2604
6043	2605
6044	2606
6045	2607
6046	2607
6047	2607
6048	2608
6049	2609
6050	2609
6051	2609
6052	2610
6053	2611
6054	2611
6055	2611
6056	2612
6057	2613
6058	2614
6059	2614
6060	2614
6061	2615
6062	2616
6063	2616
6064	2616
6065	2616
6066	2616
6067	2617
6068	2618
6069	2619
6070	2619
6071	2620
6072	2621
6073	2622
6074	2622
6075	2623
6076	2623
6077	2624
6078	2625
6079	2625
6080	2625
6081	2626
6082	2627
6083	2627
6084	2627
6085	2628
6086	2629
6087	2629
6088	2629
6089	2630
6090	2630
6091	2630
6092	2630
6093	2631
6094	2631
6095	2631
6096	2632
6097	2632
6098	2633
6099	2634
6100	2634
6101	2635
6102	2636
6103	2636
6104	2636
6105	2637
6106	2638
6107	2639
6108	2639
6109	2640
6110	2640
6111	2640
6112	2641
6113	2641
6114	2641
6115	2641
6116	2641
6117	2641
6118	2642
6119	2643
6120	2643
6121	2643
6122	2643
6123	2644
6124	2644
6125	2644
6126	2645
6127	2646
6128	2646
6129	2647
6130	2648
6131	2649
6132	2650
6133	2650
6134	2651
6135	2651
6136	2652
6137	2652
6138	2653
6139	2653
6140	2654
6141	2655
6142	2655
6143	2655
6144	2655
6145	2655
6146	2656
6147	2657
6148	2657
6149	2657
6150	2658
6151	2658
6152	2658
6153	2658
6154	2658
6155	2658
6156	2658
6157	2658
6158	2659
6159	2660
6160	2661
6161	2661
6162	2661
6163	2662
6164	2662
6165	2662
6166	2662
6167	2663
6168	2663
6169	2663
6170	2663
6171	2664
6172	2664
6173	2664
6174	2664
6175	2665
6176	2666
6177	2666
6178	2666
6179	2666
6180	2666
6181	2666
6182	2666
6183	2666
6184	2667
6185	2668
6186	2669
6187	2669
6188	2670
6189	2670
6190	2670
6191	2671
6192	2671
6193	2672
6194	2672
6195	2672
6196	2672
6197	2672
6198	2673
6199	2673
6200	2673
6201	2673
6202	2674
6203	2674
6204	2674
6205	2674
6206	2674
6207	2674
6208	2674
6209	2674
6210	2675
6211	2676
6212	2676
6213	2676
6214	2677
6215	2677
6216	2677
6217	2678
6218	2679
6219	2679
6220	2679
6221	2679
6222	2679
6223	2679
6224	2680
6225	2680
6226	2680
6227	2680
6228	2680
6229	2680
6230	2680
6231	2680
6232	2681
6233	2681
6234	2681
6235	2681
6236	2681
6237	2682
6238	2683
6239	2683
6240	2683
6241	2683
6242	2683
6243	2684
6244	2684
6245	2684
6246	2685
6247	2685
6248	2685
6249	2685
6250	2685
6251	2685
6252	2686
6253	2687
6254	2687
6255	2688
6256	2689
6257	2689
6258	2690
6259	2690
6260	2690
6261	2690
6262	2690
6263	2690
6264	2690
6265	2691
6266	2691
6267	2692
6268	2692
6269	2693
6270	2693
6271	2693
6272	2694
6273	2695
6274	2696
6275	2696
6276	2696
6277	2696
6278	2696
6279	2696
6280	2696
6281	2697
6282	2697
6283	2697
6284	2697
6285	2698
6286	2699
6287	2699
6288	2699
6289	2699
6290	2699
6291	2699
6292	2699
6293	2700
6294	2701
6295	2702
6296	2702
6297	2702
6298	2703
6299	2704
6300	2704
6301	2704
6302	2705
6303	2705
6304	2705
6305	2706
6306	2706
6307	2706
6308	2707
6309	2708
6310	2709
6311	2709
6312	2710
6313	2710
6314	2711
6315	2712
6316	2712
6317	2712
6318	2713
6319	2714
6320	2714
6321	2714
6322	2715
6323	2715
6324	2715
6325	2716
6326	2716
6327	2716
6328	2716
6329	2716
6330	2716
6331	2717
6332	2717
6333	2717
6334	2717
6335	2717
6336	2718
6337	2719
6338	2719
6339	2719
6340	2720
6341	2721
6342	2722
6343	2723
6344	2724
6345	2724
6346	2724
6347	2725
6348	2726
6349	2726
6350	2726
6351	2727
6352	2728
6353	2728
6354	2728
6355	2728
6356	2728
6357	2729
6358	2729
6359	2729
6360	2729
6361	2730
6362	2730
6363	2730
6364	2731
6365	2731
6366	2731
6367	2731
6368	2731
6369	2731
6370	2731
6371	2731
6372	2731
6373	2732
6374	2733
6375	2734
6376	2735
6377	2735
6378	2736
6379	2737
6380	2738
6381	2739
6382	2740
6383	2740
6384	2741
6385	2742
6386	2743
6387	2743
6388	2744
6389	2744
6390	2744
6391	2744
6392	2745
6393	2745
6394	2745
6395	2746
6396	2747
6397	2747
6398	2747
6399	2748
6400	2748
6401	2748
6402	2748
6403	2748
6404	2748
6405	2749
6406	2749
6407	2750
6408	2750
6409	2750
6410	2750
6411	2751
6412	2752
6413	2753
6414	2753
6415	2753
6416	2754
6417	2755
6418	2755
6419	2755
6420	2756
6421	2757
6422	2757
6423	2757
6424	2757
6425	2758
6426	2759
6427	2759
6428	2760
6429	2760
6430	2760
6431	2760
6432	2761
6433	2761
6434	2761
6435	2762
6436	2763
6437	2763
6438	2764
6439	2765
6440	2766
6441	2767
6442	2767
6443	2767
6444	2768
6445	2768
6446	2768
6447	2769
6448	2770
6449	2771
6450	2772
6451	2772
6452	2772
6453	2772
6454	2773
6455	2774
6456	2775
6457	2776
6458	2776
6459	2776
6460	2777
6461	2777
6462	2778
6463	2779
6464	2779
6465	2779
6466	2779
6467	2779
6468	2780
6469	2780
6470	2781
6471	2781
6472	2782
6473	2783
6474	2783
6475	2783
6476	2783
6477	2783
6478	2783
6479	2784
6480	2784
6481	2784
6482	2784
6483	2784
6484	2784
6485	2784
6486	2785
6487	2785
6488	2785
6489	2786
6490	2787
6491	2787
6492	2788
6493	2788
6494	2789
6495	2789
6496	2789
6497	2789
6498	2790
6499	2791
6500	2792
6501	2793
6502	2793
6503	2794
6504	2795
6505	2795
6506	2795
6507	2795
6508	2795
6509	2795
6510	2796
6511	2796
6512	2796
6513	2796
6514	2797
6515	2797
6516	2797
6517	2797
6518	2798
6519	2798
6520	2799
6521	2800
6522	2801
6523	2801
6524	2801
6525	2801
6526	2802
6527	2803
6528	2803
6529	2803
6530	2803
6531	2803
6532	2804
6533	2805
6534	2806
6535	2806
6536	2806
6537	2806
6538	2806
6539	2807
6540	2807
6541	2807
6542	2808
6543	2809
6544	2810
6545	2811
6546	2812
6547	2812
6548	2812
6549	2813
6550	2813
6551	2813
6552	2813
6553	2813
6554	2813
6555	2814
6556	2814
6557	2814
6558	2814
6559	2815
6560	2815
6561	2816
6562	2816
6563	2816
6564	2817
6565	2817
6566	2818
6567	2818
6568	2818
6569	2818
6570	2818
6571	2818
6572	2818
6573	2819
6574	2819
6575	2820
6576	2821
6577	2821
6578	2821
6579	2821
6580	2821
6581	2821
6582	2822
6583	2822
6584	2823
6585	2823
6586	2823
6587	2824
6588	2824
6589	2825
6590	2825
6591	2825
6592	2826
6593	2827
6594	2828
6595	2828
6596	2829
6597	2829
6598	2829
6599	2829
6600	2830
6601	2830
6602	2830
6603	2830
6604	2830
6605	2831
6606	2831
6607	2831
6608	2831
6609	2831
6610	2831
6611	2832
6612	2832
6613	2832
6614	2832
6615	2833
6616	2833
6617	2833
6618	2833
6619	2833
6620	2833
6621	2834
6622	2834
6623	2834
6624	2834
6625	2835
6626	2835
6627	2836
6628	2836
6629	2837
6630	2837
6631	2837
6632	2837
6633	2837
6634	2837
6635	2838
6636	2839
6637	2839
6638	2839
6639	2839
6640	2839
6641	2839
6642	2840
6643	2840
6644	2840
6645	2840
6646	2840
6647	2841
6648	2841
6649	2841
6650	2842
6651	2843
6652	2843
6653	2843
6654	2844
6655	2845
6656	2846
6657	2846
6658	2846
6659	2847
6660	2847
6661	2847
6662	2847
6663	2847
6664	2847
6665	2847
6666	2847
6667	2847
6668	2847
6669	2847
6670	2848
6671	2848
6672	2848
6673	2848
6674	2848
6675	2848
6676	2848
6677	2848
6678	2848
6679	2848
6680	2849
6681	2849
6682	2849
6683	2850
6684	2851
6685	2851
6686	2851
6687	2852
6688	2853
6689	2854
6690	2854
6691	2854
6692	2855
6693	2855
6694	2855
6695	2855
6696	2855
6697	2855
6698	2856
6699	2856
6700	2857
6701	2858
6702	2858
6703	2859
6704	2860
6705	2860
6706	2861
6707	2861
6708	2861
6709	2861
6710	2861
6711	2861
6712	2861
6713	2861
6714	2861
6715	2861
6716	2862
6717	2862
6718	2862
6719	2862
6720	2862
6721	2863
6722	2864
6723	2864
6724	2864
6725	2864
6726	2864
6727	2864
6728	2865
6729	2865
6730	2865
6731	2866
6732	2866
6733	2866
6734	2867
6735	2868
6736	2869
6737	2870
6738	2870
6739	2870
6740	2871
6741	2871
6742	2872
6743	2872
6744	2872
6745	2872
6746	2873
6747	2874
6748	2875
6749	2875
6750	2875
6751	2875
6752	2875
6753	2875
6754	2875
6755	2875
6756	2876
6757	2877
6758	2878
6759	2878
6760	2878
6761	2878
6762	2878
6763	2879
6764	2879
6765	2879
6766	2880
6767	2880
6768	2880
6769	2880
6770	2880
6771	2880
6772	2880
6773	2880
6774	2881
6775	2882
6776	2882
6777	2883
6778	2884
6779	2885
6780	2885
6781	2885
6782	2885
6783	2886
6784	2886
6785	2887
6786	2888
6787	2889
6788	2889
6789	2890
6790	2891
6791	2891
6792	2891
6793	2891
6794	2891
6795	2891
6796	2892
6797	2892
6798	2892
6799	2893
6800	2893
6801	2893
6802	2893
6803	2894
6804	2895
6805	2896
6806	2897
6807	2897
6808	2897
6809	2898
6810	2898
6811	2899
6812	2899
6813	2899
6814	2900
6815	2901
6816	2901
6817	2902
6818	2902
6819	2902
6820	2902
6821	2903
6822	2904
6823	2904
6824	2905
6825	2905
6826	2905
6827	2906
6828	2906
6829	2907
6830	2907
6831	2907
6832	2908
6833	2908
6834	2908
6835	2908
6836	2908
6837	2909
6838	2909
6839	2910
6840	2910
6841	2910
6842	2910
6843	2911
6844	2911
6845	2911
6846	2911
6847	2911
6848	2911
6849	2912
6850	2912
6851	2912
6852	2913
6853	2914
6854	2915
6855	2915
6856	2915
6857	2915
6858	2916
6859	2917
6860	2918
6861	2919
6862	2919
6863	2919
6864	2920
6865	2920
6866	2920
6867	2920
6868	2920
6869	2920
6870	2921
6871	2922
6872	2922
6873	2923
6874	2923
6875	2923
6876	2923
6877	2924
6878	2924
6879	2925
6880	2925
6881	2925
6882	2926
6883	2926
6884	2927
6885	2928
6886	2928
6887	2928
6888	2928
6889	2929
6890	2930
6891	2930
6892	2931
6893	2932
6894	2932
6895	2932
6896	2932
6897	2932
6898	2932
6899	2933
6900	2933
6901	2934
6902	2935
6903	2936
6904	2937
6905	2938
6906	2939
6907	2939
6908	2939
6909	2940
6910	2940
6911	2941
6912	2941
6913	2941
6914	2941
6915	2941
6916	2941
6917	2941
6918	2941
6919	2942
6920	2942
6921	2942
6922	2942
6923	2942
6924	2943
6925	2943
6926	2943
6927	2943
6928	2944
6929	2945
6930	2946
6931	2946
6932	2946
6933	2947
6934	2948
6935	2949
6936	2949
6937	2949
6938	2949
6939	2950
6940	2951
6941	2952
6942	2953
6943	2954
6944	2954
6945	2954
6946	2954
6947	2954
6948	2954
6949	2954
6950	2954
6951	2955
6952	2956
6953	2956
6954	2956
6955	2956
6956	2956
6957	2956
6958	2956
6959	2956
6960	2957
6961	2958
6962	2959
6963	2960
6964	2961
6965	2962
6966	2962
6967	2963
6968	2963
6969	2964
6970	2964
6971	2964
6972	2964
6973	2964
6974	2964
6975	2964
6976	2964
6977	2964
6978	2964
6979	2964
6980	2964
6981	2964
6982	2964
6983	2964
6984	2964
6985	2964
6986	2964
6987	2964
6988	2965
6989	2966
6990	2966
6991	2966
6992	2966
6993	2966
6994	2966
6995	2966
6996	2967
6997	2968
6998	2968
6999	2968
7000	2969
7001	2970
7002	2970
7003	2970
7004	2970
7005	2971
7006	2972
7007	2973
7008	2974
7009	2974
7010	2975
7011	2976
7012	2976
7013	2976
7014	2976
7015	2976
7016	2976
7017	2976
7018	2977
7019	2978
7020	2978
7021	2978
7022	2978
7023	2978
7024	2979
7025	2980
7026	2980
7027	2981
7028	2981
7029	2982
7030	2982
7031	2983
7032	2984
7033	2984
7034	2985
7035	2986
7036	2987
7037	2987
7038	2988
7039	2988
7040	2988
7041	2989
7042	2989
7043	2989
7044	2989
7045	2990
7046	2990
7047	2990
7048	2991
7049	2991
7050	2991
7051	2992
7052	2992
7053	2992
7054	2992
7055	2993
7056	2993
7057	2994
7058	2995
7059	2996
7060	2996
7061	2997
7062	2997
7063	2997
7064	2998
7065	2998
7066	2999
7067	2999
7068	2999
7069	2999
7070	2999
7071	2999
7072	3000
7073	3000
7074	3001
7075	3001
7076	3001
7077	3002
7078	3003
7079	3003
7080	3004
7081	3005
7082	3005
7083	3005
7084	3005
7085	3005
7086	3006
7087	3006
7088	3006
7089	3006
7090	3006
7091	3006
7092	3006
7093	3007
7094	3008
7095	3008
7096	3009
7097	3009
7098	3009
7099	3009
7100	3010
7101	3011
7102	3011
7103	3011
7104	3011
7105	3011
7106	3011
7107	3011
7108	3011
7109	3011
7110	3012
7111	3013
7112	3014
7113	3014
7114	3014
7115	3015
7116	3015
7117	3015
7118	3015
7119	3015
7120	3015
7121	3015
7122	3015
7123	3015
7124	3016
7125	3016
7126	3017
7127	3017
7128	3017
7129	3017
7130	3017
7131	3018
7132	3018
7133	3018
7134	3018
7135	3018
7136	3018
7137	3018
7138	3019
7139	3019
7140	3019
7141	3020
7142	3021
7143	3021
7144	3021
7145	3021
7146	3021
7147	3021
7148	3021
7149	3021
7150	3021
7151	3022
7152	3023
7153	3023
7154	3023
7155	3023
7156	3023
7157	3024
7158	3024
7159	3024
7160	3025
7161	3026
7162	3026
7163	3026
7164	3027
7165	3027
7166	3027
7167	3027
7168	3028
7169	3028
7170	3028
7171	3029
7172	3030
7173	3030
7174	3031
7175	3032
7176	3032
7177	3032
7178	3032
7179	3033
7180	3033
7181	3033
7182	3033
7183	3033
7184	3034
7185	3035
7186	3035
7187	3036
7188	3037
7189	3037
7190	3037
7191	3038
7192	3038
7193	3039
7194	3040
7195	3041
7196	3041
7197	3041
7198	3042
7199	3042
7200	3042
7201	3043
7202	3043
7203	3044
7204	3044
7205	3044
7206	3044
7207	3044
7208	3045
7209	3045
7210	3045
7211	3045
7212	3046
7213	3046
7214	3047
7215	3048
7216	3049
7217	3050
7218	3050
7219	3050
7220	3050
7221	3051
7222	3052
7223	3052
7224	3052
7225	3053
7226	3053
7227	3053
7228	3054
7229	3055
7230	3055
7231	3055
7232	3055
7233	3056
7234	3056
7235	3056
7236	3056
7237	3056
7238	3056
7239	3056
7240	3057
7241	3057
7242	3057
7243	3057
7244	3057
7245	3057
7246	3057
7247	3057
7248	3058
7249	3058
7250	3059
7251	3059
7252	3060
7253	3060
7254	3060
7255	3061
7256	3061
7257	3061
7258	3061
7259	3062
7260	3063
7261	3063
7262	3063
7263	3063
7264	3063
7265	3063
7266	3063
7267	3063
7268	3063
7269	3063
7270	3063
7271	3063
7272	3064
7273	3065
7274	3066
7275	3067
7276	3068
7277	3068
7278	3068
7279	3068
7280	3069
7281	3069
7282	3069
7283	3070
7284	3070
7285	3071
7286	3071
7287	3072
7288	3073
7289	3074
7290	3074
7291	3074
7292	3075
7293	3075
7294	3075
7295	3075
7296	3076
7297	3076
7298	3076
7299	3076
7300	3076
7301	3076
7302	3076
7303	3077
7304	3078
7305	3078
7306	3078
7307	3079
7308	3080
7309	3081
7310	3082
7311	3082
7312	3082
7313	3083
7314	3083
7315	3083
7316	3083
7317	3084
7318	3084
7319	3085
7320	3085
7321	3085
7322	3085
7323	3085
7324	3085
7325	3085
7326	3086
7327	3087
7328	3088
7329	3088
7330	3088
7331	3089
7332	3089
7333	3089
7334	3089
7335	3089
7336	3089
7337	3089
7338	3089
7339	3090
7340	3091
7341	3092
7342	3093
7343	3093
7344	3094
7345	3094
7346	3094
7347	3094
7348	3094
7349	3095
7350	3095
7351	3095
7352	3096
7353	3097
7354	3097
7355	3097
7356	3097
7357	3098
7358	3098
7359	3098
7360	3098
7361	3099
7362	3099
7363	3099
7364	3099
7365	3099
7366	3099
7367	3099
7368	3099
7369	3099
7370	3099
7371	3099
7372	3099
7373	3099
7374	3100
7375	3100
7376	3100
7377	3100
7378	3101
7379	3101
7380	3101
7381	3101
7382	3101
7383	3101
7384	3101
7385	3101
7386	3101
7387	3101
7388	3101
7389	3101
7390	3101
7391	3101
7392	3102
7393	3102
7394	3102
7395	3103
7396	3103
7397	3103
7398	3103
7399	3103
7400	3103
7401	3103
7402	3103
7403	3103
7404	3103
7405	3103
7406	3103
7407	3103
7408	3103
7409	3104
7410	3105
7411	3105
7412	3105
7413	3106
7414	3107
7415	3108
7416	3108
7417	3109
7418	3109
7419	3109
7420	3109
7421	3109
7422	3109
7423	3109
7424	3109
7425	3109
7426	3109
7427	3109
7428	3109
7429	3110
7430	3110
7431	3110
7432	3110
7433	3110
7434	3110
7435	3110
7436	3110
7437	3110
7438	3110
7439	3110
7440	3110
7441	3110
7442	3110
7443	3111
7444	3111
7445	3112
7446	3112
7447	3112
7448	3113
7449	3114
7450	3115
7451	3115
7452	3116
7453	3117
7454	3117
7455	3118
7456	3119
7457	3120
7458	3120
7459	3121
7460	3121
7461	3121
7462	3121
7463	3122
7464	3123
7465	3123
7466	3123
7467	3123
7468	3124
7469	3124
7470	3125
7471	3125
7472	3126
7473	3127
7474	3127
7475	3128
7476	3129
7477	3129
7478	3129
7479	3129
7480	3129
7481	3129
7482	3129
7483	3130
7484	3131
7485	3131
7486	3131
7487	3132
7488	3133
7489	3134
7490	3134
7491	3134
7492	3135
7493	3135
7494	3135
7495	3136
7496	3136
7497	3136
7498	3137
7499	3137
7500	3137
7501	3137
7502	3137
7503	3137
7504	3138
7505	3138
7506	3138
7507	3138
7508	3138
7509	3138
7510	3138
7511	3139
7512	3139
7513	3139
7514	3140
7515	3140
7516	3140
7517	3140
7518	3140
7519	3140
7520	3141
7521	3141
7522	3141
7523	3141
7524	3142
7525	3143
7526	3143
7527	3143
7528	3143
7529	3143
7530	3143
7531	3144
7532	3145
7533	3145
7534	3145
7535	3145
7536	3145
7537	3145
7538	3146
7539	3146
7540	3146
7541	3147
7542	3147
7543	3148
7544	3148
7545	3148
7546	3148
7547	3148
7548	3148
7549	3148
7550	3149
7551	3149
7552	3149
7553	3149
7554	3149
7555	3149
7556	3149
7557	3150
7558	3150
7559	3150
7560	3150
7561	3150
7562	3151
7563	3152
7564	3153
7565	3153
7566	3153
7567	3153
7568	3154
7569	3154
7570	3154
7571	3155
7572	3155
7573	3155
7574	3156
7575	3156
7576	3156
7577	3156
7578	3156
7579	3157
7580	3158
7581	3158
7582	3158
7583	3159
7584	3159
7585	3160
7586	3160
7587	3160
7588	3161
7589	3161
7590	3162
7591	3162
7592	3163
7593	3163
7594	3163
7595	3163
7596	3163
7597	3163
7598	3163
7599	3163
7600	3163
7601	3164
7602	3165
7603	3165
7604	3165
7605	3165
7606	3165
7607	3166
7608	3167
7609	3167
7610	3167
7611	3167
7612	3167
7613	3168
7614	3169
7615	3170
7616	3170
7617	3171
7618	3172
7619	3172
7620	3173
7621	3173
7622	3173
7623	3173
7624	3173
7625	3174
7626	3174
7627	3174
7628	3174
7629	3174
7630	3174
7631	3174
7632	3174
7633	3175
7634	3175
7635	3175
7636	3175
7637	3176
7638	3176
7639	3176
7640	3176
7641	3176
7642	3176
7643	3177
7644	3178
7645	3178
7646	3178
7647	3178
7648	3178
7649	3178
7650	3178
7651	3178
7652	3179
7653	3179
7654	3179
7655	3179
7656	3180
7657	3181
7658	3181
7659	3181
7660	3181
7661	3181
7662	3181
7663	3182
7664	3182
7665	3183
7666	3184
7667	3184
7668	3184
7669	3184
7670	3184
7671	3184
7672	3184
7673	3184
7674	3185
7675	3185
7676	3185
7677	3186
7678	3186
7679	3186
7680	3186
7681	3186
7682	3186
7683	3186
7684	3186
7685	3186
7686	3186
7687	3187
7688	3187
7689	3187
7690	3187
7691	3187
7692	3187
7693	3187
7694	3188
7695	3188
7696	3188
7697	3188
7698	3189
7699	3190
7700	3190
7701	3191
7702	3192
7703	3192
7704	3192
7705	3192
7706	3192
7707	3192
7708	3192
7709	3192
7710	3193
7711	3193
7712	3193
7713	3193
7714	3193
7715	3194
7716	3194
7717	3194
7718	3195
7719	3195
7720	3196
7721	3197
7722	3197
7723	3197
7724	3197
7725	3198
7726	3198
7727	3198
7728	3198
7729	3199
7730	3200
7731	3200
7732	3201
7733	3202
7734	3202
7735	3202
7736	3202
7737	3202
7738	3202
7739	3203
7740	3203
7741	3203
7742	3203
7743	3203
7744	3203
7745	3203
7746	3203
7747	3204
7748	3204
7749	3204
7750	3204
7751	3204
7752	3204
7753	3205
7754	3206
7755	3207
7756	3208
7757	3208
7758	3208
7759	3208
7760	3209
7761	3209
7762	3209
7763	3209
7764	3209
7765	3210
7766	3210
7767	3210
7768	3210
7769	3210
7770	3210
7771	3210
7772	3210
7773	3210
7774	3210
7775	3210
7776	3210
7777	3210
7778	3210
7779	3210
7780	3211
7781	3211
7782	3211
7783	3212
7784	3213
7785	3213
7786	3213
7787	3213
7788	3213
7789	3214
7790	3214
7791	3214
7792	3215
7793	3215
7794	3215
7795	3215
7796	3216
7797	3216
7798	3216
7799	3216
7800	3216
7801	3216
7802	3216
7803	3216
7804	3217
7805	3217
7806	3218
7807	3219
7808	3219
7809	3219
7810	3219
7811	3219
7812	3219
7813	3219
7814	3220
7815	3220
7816	3220
7817	3220
7818	3220
7819	3220
7820	3220
7821	3220
7822	3220
7823	3220
7824	3220
7825	3220
7826	3221
7827	3221
7828	3221
7829	3221
7830	3221
7831	3221
7832	3221
7833	3221
7834	3222
7835	3222
7836	3222
7837	3222
7838	3222
7839	3223
7840	3223
7841	3223
7842	3224
7843	3224
7844	3224
7845	3224
7846	3224
7847	3224
7848	3225
7849	3225
7850	3226
7851	3227
7852	3228
7853	3228
7854	3228
7855	3228
7856	3229
7857	3230
7858	3230
7859	3231
7860	3232
7861	3232
7862	3232
7863	3232
7864	3232
7865	3233
7866	3233
7867	3234
7868	3235
7869	3235
7870	3235
7871	3235
7872	3235
7873	3235
7874	3235
7875	3236
7876	3236
7877	3236
7878	3237
7879	3237
7880	3238
7881	3238
7882	3238
7883	3238
7884	3239
7885	3240
7886	3240
7887	3240
7888	3241
7889	3241
7890	3241
7891	3241
7892	3241
7893	3241
7894	3241
7895	3241
7896	3242
7897	3243
7898	3243
7899	3244
7900	3245
7901	3245
7902	3245
7903	3245
7904	3245
7905	3246
7906	3247
7907	3248
7908	3248
7909	3249
7910	3249
7911	3249
7912	3249
7913	3249
7914	3249
7915	3249
7916	3250
7917	3250
7918	3250
7919	3250
7920	3250
7921	3250
7922	3251
7923	3251
7924	3251
7925	3251
7926	3251
7927	3251
7928	3252
7929	3252
7930	3252
7931	3252
7932	3252
7933	3252
7934	3252
7935	3252
7936	3252
7937	3252
7938	3253
7939	3253
7940	3253
7941	3253
7942	3253
7943	3253
7944	3253
7945	3253
7946	3253
7947	3253
7948	3253
7949	3253
7950	3253
7951	3254
7952	3254
7953	3254
7954	3254
7955	3254
7956	3255
7957	3255
7958	3255
7959	3255
7960	3256
7961	3257
7962	3257
7963	3257
7964	3258
7965	3259
7966	3259
7967	3260
7968	3260
7969	3260
7970	3260
7971	3260
7972	3261
7973	3261
7974	3262
7975	3263
7976	3263
7977	3263
7978	3264
7979	3264
7980	3265
7981	3266
7982	3266
7983	3266
7984	3267
7985	3267
7986	3268
7987	3268
7988	3269
7989	3269
7990	3269
7991	3269
7992	3269
7993	3270
7994	3270
7995	3270
7996	3270
7997	3270
7998	3270
7999	3271
8000	3271
8001	3272
8002	3272
8003	3272
8004	3272
8005	3272
8006	3272
8007	3273
8008	3273
8009	3273
8010	3273
8011	3274
8012	3274
8013	3274
8014	3274
8015	3274
8016	3275
8017	3276
8018	3276
8019	3277
8020	3278
8021	3278
8022	3278
8023	3278
8024	3279
8025	3280
8026	3281
8027	3281
8028	3281
8029	3281
8030	3281
8031	3282
8032	3282
8033	3282
8034	3282
8035	3282
8036	3282
8037	3282
8038	3283
8039	3283
8040	3283
8041	3283
8042	3283
8043	3283
8044	3283
8045	3283
8046	3283
8047	3283
8048	3284
8049	3284
8050	3284
8051	3284
8052	3284
8053	3284
8054	3285
8055	3285
8056	3286
8057	3286
8058	3286
8059	3286
8060	3286
8061	3286
8062	3286
8063	3287
8064	3287
8065	3287
8066	3287
8067	3288
8068	3288
8069	3288
8070	3289
8071	3289
8072	3289
8073	3289
8074	3289
8075	3289
8076	3289
8077	3289
8078	3289
8079	3290
8080	3290
8081	3290
8082	3290
8083	3291
8084	3291
8085	3291
8086	3291
8087	3291
8088	3291
8089	3292
8090	3293
8091	3293
8092	3293
8093	3293
8094	3293
8095	3293
8096	3293
8097	3293
8098	3293
8099	3293
8100	3293
8101	3293
8102	3293
8103	3293
8104	3294
8105	3294
8106	3294
8107	3295
8108	3295
8109	3295
8110	3296
8111	3296
8112	3296
8113	3296
8114	3296
8115	3296
8116	3297
8117	3297
8118	3297
8119	3297
8120	3297
8121	3297
8122	3297
8123	3297
8124	3297
8125	3297
8126	3298
8127	3298
8128	3298
8129	3298
8130	3299
8131	3300
8132	3301
8133	3301
8134	3301
8135	3301
8136	3301
8137	3301
8138	3302
8139	3303
8140	3304
8141	3304
8142	3304
8143	3305
8144	3305
8145	3305
8146	3305
8147	3305
8148	3305
8149	3306
8150	3307
8151	3307
8152	3307
8153	3307
8154	3307
8155	3307
8156	3307
8157	3307
8158	3307
8159	3307
8160	3307
8161	3307
8162	3307
8163	3307
8164	3307
8165	3308
8166	3309
8167	3309
8168	3309
8169	3310
8170	3310
8171	3311
8172	3311
8173	3312
8174	3313
8175	3313
8176	3313
8177	3313
8178	3313
8179	3313
8180	3313
8181	3313
8182	3313
8183	3314
8184	3315
8185	3315
8186	3316
8187	3316
8188	3316
8189	3317
8190	3318
8191	3318
8192	3319
8193	3320
8194	3321
8195	3321
8196	3322
8197	3323
8198	3323
8199	3323
8200	3324
8201	3324
8202	3324
8203	3324
8204	3325
8205	3325
8206	3325
8207	3325
8208	3326
8209	3326
8210	3326
8211	3326
8212	3326
8213	3327
8214	3327
8215	3328
8216	3329
8217	3329
8218	3329
8219	3330
8220	3330
8221	3331
8222	3332
8223	3332
8224	3332
8225	3332
8226	3332
8227	3332
8228	3332
8229	3332
8230	3332
8231	3332
8232	3332
8233	3333
8234	3334
8235	3334
8236	3334
8237	3335
8238	3335
8239	3335
8240	3335
8241	3335
8242	3335
8243	3335
8244	3335
8245	3335
8246	3336
8247	3337
8248	3338
8249	3338
8250	3338
8251	3338
8252	3339
8253	3339
8254	3340
8255	3340
8256	3340
8257	3340
8258	3340
8259	3340
8260	3340
8261	3340
8262	3341
8263	3341
8264	3341
8265	3341
8266	3341
8267	3341
8268	3341
8269	3342
8270	3342
8271	3342
8272	3342
8273	3343
8274	3344
8275	3344
8276	3345
8277	3345
8278	3345
8279	3345
8280	3346
8281	3346
8282	3347
8283	3347
8284	3347
8285	3347
8286	3347
8287	3347
8288	3347
8289	3347
8290	3347
8291	3347
8292	3347
8293	3347
8294	3347
8295	3347
8296	3348
8297	3348
8298	3348
8299	3349
8300	3349
8301	3349
8302	3349
8303	3350
8304	3351
8305	3352
8306	3352
8307	3353
8308	3353
8309	3354
8310	3355
8311	3355
8312	3356
8313	3356
8314	3357
8315	3357
8316	3357
8317	3357
8318	3357
8319	3357
8320	3357
8321	3358
8322	3358
8323	3358
8324	3358
8325	3359
8326	3359
8327	3359
8328	3359
8329	3360
8330	3360
8331	3360
8332	3360
8333	3361
8334	3361
8335	3361
8336	3361
8337	3362
8338	3362
8339	3362
8340	3362
8341	3362
8342	3362
8343	3362
8344	3362
8345	3362
8346	3362
8347	3362
8348	3362
8349	3362
8350	3363
8351	3364
8352	3364
8353	3364
8354	3364
8355	3365
8356	3366
8357	3367
8358	3367
8359	3367
8360	3367
8361	3367
8362	3367
8363	3367
8364	3367
8365	3367
8366	3367
8367	3367
8368	3367
8369	3367
8370	3367
8371	3367
8372	3367
8373	3368
8374	3368
8375	3368
8376	3368
8377	3368
8378	3368
8379	3369
8380	3369
8381	3369
8382	3369
8383	3369
8384	3369
8385	3370
8386	3370
8387	3370
8388	3371
8389	3371
8390	3372
8391	3373
8392	3373
8393	3374
8394	3374
8395	3374
8396	3375
8397	3375
8398	3376
8399	3376
8400	3376
8401	3376
8402	3376
8403	3377
8404	3377
8405	3377
8406	3377
8407	3378
8408	3378
8409	3379
8410	3379
8411	3379
8412	3379
8413	3379
8414	3379
8415	3379
8416	3379
8417	3379
8418	3379
8419	3379
8420	3379
8421	3379
8422	3379
8423	3380
8424	3380
8425	3380
8426	3380
8427	3380
8428	3380
8429	3381
8430	3382
8431	3382
8432	3382
8433	3383
8434	3383
8435	3383
8436	3383
8437	3384
8438	3385
8439	3386
8440	3386
8441	3386
8442	3386
8443	3386
8444	3387
8445	3388
8446	3389
8447	3389
8448	3389
8449	3390
8450	3390
8451	3391
8452	3392
8453	3392
8454	3393
8455	3393
8456	3393
8457	3393
8458	3394
8459	3395
8460	3395
8461	3396
8462	3397
8463	3397
8464	3398
8465	3399
8466	3400
8467	3401
8468	3401
8469	3401
8470	3402
8471	3403
8472	3403
8473	3403
8474	3404
8475	3405
8476	3405
8477	3405
8478	3405
8479	3405
8480	3405
8481	3405
8482	3405
8483	3405
8484	3405
8485	3406
8486	3406
8487	3406
8488	3407
8489	3408
8490	3409
8491	3409
8492	3409
8493	3410
8494	3410
8495	3410
8496	3410
8497	3410
8498	3410
8499	3410
8500	3410
8501	3410
8502	3410
8503	3410
8504	3410
8505	3410
8506	3410
8507	3410
8508	3410
8509	3410
8510	3411
8511	3411
8512	3412
8513	3413
8514	3413
8515	3414
8516	3414
8517	3415
8518	3416
8519	3416
8520	3416
8521	3417
8522	3417
8523	3417
8524	3417
8525	3417
8526	3417
8527	3417
8528	3417
8529	3417
8530	3418
8531	3418
8532	3418
8533	3419
8534	3419
8535	3420
8536	3420
8537	3420
8538	3420
8539	3420
8540	3420
8541	3420
8542	3420
8543	3420
8544	3420
8545	3421
8546	3421
8547	3421
8548	3422
8549	3422
8550	3422
8551	3422
8552	3422
8553	3422
8554	3422
8555	3422
8556	3422
8557	3422
8558	3423
8559	3423
8560	3423
8561	3423
8562	3423
8563	3423
8564	3423
8565	3423
8566	3423
8567	3423
8568	3423
8569	3423
8570	3423
8571	3423
8572	3423
8573	3423
8574	3423
8575	3423
8576	3424
8577	3425
8578	3426
8579	3426
8580	3426
8581	3426
8582	3427
8583	3428
8584	3429
8585	3429
8586	3429
8587	3429
8588	3429
8589	3430
8590	3430
8591	3431
8592	3431
8593	3431
8594	3431
8595	3432
8596	3432
8597	3432
8598	3433
8599	3433
8600	3433
8601	3433
8602	3433
8603	3433
8604	3434
8605	3434
8606	3434
8607	3434
8608	3434
8609	3434
8610	3434
8611	3434
8612	3434
8613	3434
8614	3434
8615	3434
8616	3434
8617	3434
8618	3434
8619	3434
8620	3435
8621	3435
8622	3435
8623	3435
8624	3435
8625	3436
8626	3436
8627	3436
8628	3436
8629	3436
8630	3437
8631	3437
8632	3437
8633	3437
8634	3437
8635	3438
8636	3438
8637	3438
8638	3438
8639	3438
8640	3438
8641	3439
8642	3439
8643	3439
8644	3439
8645	3439
8646	3439
8647	3439
8648	3439
8649	3439
8650	3439
8651	3439
8652	3439
8653	3439
8654	3439
8655	3440
8656	3441
8657	3441
8658	3441
8659	3441
8660	3441
8661	3442
8662	3442
8663	3443
8664	3443
8665	3443
8666	3443
8667	3443
8668	3444
8669	3444
8670	3444
8671	3445
8672	3446
8673	3446
8674	3446
8675	3446
8676	3446
8677	3447
8678	3448
8679	3448
8680	3448
8681	3448
8682	3449
8683	3449
8684	3449
8685	3449
8686	3449
8687	3450
8688	3450
8689	3450
8690	3450
8691	3450
8692	3450
8693	3451
8694	3451
8695	3451
8696	3451
8697	3451
8698	3451
8699	3452
8700	3453
8701	3453
8702	3454
8703	3454
8704	3454
8705	3454
8706	3454
8707	3455
8708	3455
8709	3456
8710	3457
8711	3457
8712	3457
8713	3458
8714	3458
8715	3459
8716	3460
8717	3460
8718	3460
8719	3461
8720	3461
8721	3461
8722	3461
8723	3461
8724	3461
8725	3462
8726	3462
8727	3462
8728	3462
8729	3462
8730	3462
8731	3463
8732	3464
8733	3464
8734	3465
8735	3465
8736	3465
8737	3465
8738	3465
8739	3466
8740	3466
8741	3466
8742	3467
8743	3467
8744	3468
8745	3468
8746	3468
8747	3468
8748	3468
8749	3468
8750	3469
8751	3469
8752	3469
8753	3469
8754	3469
8755	3469
8756	3469
8757	3469
8758	3469
8759	3469
8760	3470
8761	3470
8762	3470
8763	3470
8764	3470
8765	3470
8766	3470
8767	3470
8768	3470
8769	3471
8770	3471
8771	3471
8772	3471
8773	3471
8774	3471
8775	3471
8776	3471
8777	3471
8778	3471
8779	3471
8780	3471
8781	3472
8782	3472
8783	3472
8784	3473
8785	3473
8786	3473
8787	3474
8788	3474
8789	3474
8790	3474
8791	3474
8792	3474
8793	3474
8794	3475
8795	3475
8796	3476
8797	3477
8798	3477
8799	3477
8800	3477
8801	3477
8802	3477
8803	3477
8804	3477
8805	3477
8806	3477
8807	3478
8808	3478
8809	3479
8810	3479
8811	3479
8812	3480
8813	3480
8814	3480
8815	3481
8816	3481
8817	3481
8818	3481
8819	3482
8820	3482
8821	3482
8822	3482
8823	3483
8824	3483
8825	3483
8826	3484
8827	3485
8828	3486
8829	3486
8830	3486
8831	3487
8832	3487
8833	3487
8834	3487
8835	3487
8836	3487
8837	3488
8838	3488
8839	3488
8840	3489
8841	3489
8842	3489
8843	3489
8844	3489
8845	3489
8846	3490
8847	3490
8848	3491
8849	3492
8850	3492
8851	3492
8852	3492
8853	3492
8854	3493
8855	3494
8856	3494
8857	3494
8858	3494
8859	3494
8860	3494
8861	3494
8862	3494
8863	3494
8864	3494
8865	3494
8866	3495
8867	3495
8868	3495
8869	3495
8870	3495
8871	3496
8872	3496
8873	3496
8874	3496
8875	3496
8876	3496
8877	3496
8878	3497
8879	3497
8880	3497
8881	3497
8882	3497
8883	3497
8884	3498
8885	3498
8886	3498
8887	3498
8888	3498
8889	3498
8890	3498
8891	3499
8892	3499
8893	3499
8894	3499
8895	3500
8896	3500
8897	3500
8898	3500
8899	3501
8900	3501
8901	3501
8902	3501
8903	3501
8904	3501
8905	3501
8906	3501
8907	3501
8908	3501
8909	3502
8910	3502
8911	3503
8912	3503
8913	3503
8914	3503
8915	3503
8916	3503
8917	3504
8918	3505
8919	3505
8920	3506
8921	3506
8922	3506
8923	3507
8924	3507
8925	3507
8926	3508
8927	3508
8928	3508
8929	3508
8930	3508
8931	3508
8932	3508
8933	3508
8934	3509
8935	3509
8936	3510
8937	3511
8938	3511
8939	3512
8940	3512
8941	3512
8942	3512
8943	3512
8944	3512
8945	3512
8946	3512
8947	3512
8948	3512
8949	3512
8950	3512
8951	3512
8952	3512
8953	3513
8954	3513
8955	3513
8956	3514
8957	3514
8958	3514
8959	3514
8960	3514
8961	3515
8962	3515
8963	3516
8964	3516
8965	3517
8966	3518
8967	3519
8968	3520
8969	3520
8970	3520
8971	3520
8972	3520
8973	3520
8974	3521
8975	3522
8976	3522
8977	3522
8978	3523
8979	3524
8980	3524
8981	3524
8982	3524
8983	3524
8984	3524
8985	3524
8986	3524
8987	3525
8988	3525
8989	3525
8990	3525
8991	3525
8992	3525
8993	3526
8994	3526
8995	3526
8996	3526
8997	3526
8998	3526
8999	3526
9000	3526
9001	3527
9002	3528
9003	3529
9004	3529
9005	3529
9006	3529
9007	3529
9008	3529
9009	3529
9010	3530
9011	3530
9012	3531
9013	3531
9014	3531
9015	3531
9016	3531
9017	3531
9018	3531
9019	3531
9020	3531
9021	3532
9022	3532
9023	3532
9024	3532
9025	3532
9026	3532
9027	3532
9028	3532
9029	3533
9030	3534
9031	3534
9032	3534
9033	3534
9034	3534
9035	3534
9036	3534
9037	3535
9038	3536
9039	3536
9040	3536
9041	3536
9042	3536
9043	3536
9044	3536
9045	3536
9046	3536
9047	3536
9048	3536
9049	3536
9050	3536
9051	3537
9052	3538
9053	3538
9054	3538
9055	3538
9056	3538
9057	3538
9058	3538
9059	3538
9060	3539
9061	3539
9062	3539
9063	3540
9064	3540
9065	3541
9066	3541
9067	3542
9068	3542
9069	3543
9070	3543
9071	3543
9072	3543
9073	3544
9074	3545
9075	3546
9076	3546
9077	3546
9078	3546
9079	3546
9080	3547
9081	3547
9082	3547
9083	3547
9084	3548
9085	3548
9086	3548
9087	3548
9088	3548
9089	3548
9090	3548
9091	3548
9092	3548
9093	3548
