N	V
0	1
1	2
2	3
3	4
4	5
5	6
6	7
7	8
8	9
9	10
10	11
11	12
12	12
13	13
14	14
15	15
16	16
17	17
18	18
19	19
20	20
21	21
22	22
23	23
24	24
25	25
26	26
27	27
28	28
29	29
30	30
31	31
32	32
33	33
34	34
35	34
36	35
37	36
38	37
39	38
40	39
41	40
42	41
43	42
44	43
45	43
46	44
47	45
48	46
49	47
50	48
51	49
52	50
53	51
54	52
55	53
56	54
57	55
58	56
59	57
60	58
61	59
62	60
63	60
64	61
65	61
66	61
67	61
68	62
69	63
70	64
71	65
72	66
73	66
74	66
75	66
76	67
77	67
78	68
79	69
80	69
81	70
82	70
83	71
84	72
85	73
86	74
87	75
88	76
89	77
90	78
91	79
92	80
93	80
94	80
95	80
96	81
97	82
98	82
99	83
100	84
101	84
102	85
103	86
104	87
105	88
106	89
107	89
108	89
109	90
110	91
111	91
112	92
113	92
114	93
115	94
116	95
117	96
118	96
119	96
120	96
121	97
122	98
123	99
124	100
125	101
126	102
127	102
128	103
129	104
130	104
131	105
132	105
133	106
134	107
135	107
136	108
137	109
138	109
139	109
140	110
141	110
142	111
143	112
144	112
145	113
146	113
147	113
148	113
149	113
150	114
151	115
152	116
153	116
154	117
155	118
156	119
157	120
158	121
159	122
160	123
161	123
162	124
163	125
164	126
165	127
166	128
167	129
168	129
169	130
170	131
171	132
172	132
173	132
174	133
175	134
176	135
177	136
178	136
179	137
180	138
181	139
182	139
183	140
184	141
185	142
186	143
187	144
188	145
189	146
190	147
191	148
192	148
193	148
194	149
195	150
196	151
197	152
198	153
199	154
200	154
201	154
202	154
203	155
204	156
205	157
206	157
207	158
208	159
209	160
210	160
211	160
212	160
213	161
214	162
215	163
216	163
217	164
218	164
219	165
220	165
221	166
222	167
223	168
224	168
225	168
226	168
227	169
228	169
229	170
230	171
231	171
232	171
233	171
234	172
235	172
236	172
237	172
238	173
239	173
240	174
241	174
242	174
243	174
244	175
245	175
246	176
247	177
248	178
249	179
250	180
251	181
252	181
253	182
254	183
255	183
256	183
257	184
258	184
259	185
260	185
261	186
262	186
263	186
264	186
265	186
266	186
267	186
268	187
269	187
270	188
271	189
272	189
273	190
274	191
275	192
276	192
277	192
278	192
279	192
280	193
281	194
282	195
283	196
284	197
285	198
286	199
287	200
288	201
289	202
290	203
291	204
292	205
293	205
294	206
295	206
296	207
297	208
298	209
299	210
300	211
301	212
302	212
303	212
304	213
305	214
306	215
307	216
308	216
309	217
310	218
311	219
312	219
313	219
314	219
315	220
316	220
317	221
318	222
319	222
320	223
321	224
322	225
323	225
324	226
325	227
326	228
327	229
328	230
329	231
330	232
331	233
332	234
333	234
334	235
335	236
336	236
337	237
338	238
339	239
340	240
341	240
342	241
343	241
344	241
345	241
346	241
347	241
348	242
349	242
350	242
351	242
352	243
353	243
354	244
355	244
356	244
357	244
358	244
359	244
360	245
361	246
362	247
363	248
364	249
365	250
366	251
367	252
368	252
369	253
370	253
371	254
372	254
373	255
374	255
375	255
376	256
377	257
378	257
379	258
380	259
381	260
382	261
383	261
384	262
385	263
386	264
387	264
388	264
389	265
390	266
391	267
392	268
393	269
394	269
395	270
396	271
397	272
398	272
399	272
400	272
401	273
402	274
403	275
404	276
405	276
406	277
407	277
408	278
409	278
410	279
411	280
412	281
413	282
414	283
415	284
416	285
417	285
418	285
419	285
420	286
421	287
422	288
423	288
424	289
425	290
426	290
427	291
428	291
429	292
430	293
431	293
432	294
433	294
434	295
435	295
436	295
437	295
438	295
439	295
440	296
441	297
442	297
443	297
444	297
445	298
446	298
447	298
448	299
449	299
450	300
451	301
452	302
453	303
454	304
455	305
456	306
457	306
458	306
459	307
460	308
461	309
462	309
463	310
464	311
465	312
466	312
467	313
468	313
469	314
470	315
471	316
472	317
473	317
474	318
475	319
476	319
477	320
478	320
479	320
480	321
481	321
482	322
483	323
484	324
485	325
486	325
487	326
488	327
489	328
490	328
491	329
492	330
493	331
494	332
495	332
496	332
497	333
498	334
499	335
500	336
501	337
502	338
503	339
504	340
505	341
506	341
507	342
508	343
509	344
510	345
511	346
512	347
513	347
514	347
515	347
516	347
517	348
518	349
519	349
520	350
521	351
522	351
523	352
524	353
525	353
526	353
527	354
528	355
529	355
530	356
531	357
532	358
533	358
534	359
535	359
536	360
537	361
538	362
539	363
540	364
541	364
542	365
543	366
544	366
545	367
546	368
547	369
548	369
549	370
550	370
551	371
552	372
553	372
554	373
555	373
556	373
557	373
558	374
559	374
560	375
561	375
562	375
563	376
564	377
565	377
566	377
567	378
568	379
569	380
570	380
571	381
572	382
573	383
574	384
575	384
576	385
577	385
578	386
579	386
580	387
581	387
582	387
583	388
584	388
585	389
586	390
587	391
588	391
589	392
590	392
591	392
592	393
593	394
594	394
595	395
596	395
597	395
598	395
599	395
600	396
601	397
602	398
603	398
604	399
605	399
606	399
607	399
608	399
609	400
610	401
611	402
612	403
613	403
614	403
615	403
616	403
617	404
618	404
619	404
620	405
621	406
622	407
623	408
624	408
625	409
626	409
627	410
628	411
629	412
630	412
631	413
632	414
633	414
634	415
635	415
636	416
637	417
638	418
639	418
640	418
641	419
642	420
643	421
644	422
645	423
646	423
647	424
648	425
649	425
650	426
651	426
652	427
653	427
654	427
655	427
656	428
657	429
658	429
659	429
660	430
661	431
662	432
663	432
664	433
665	433
666	433
667	433
668	433
669	433
670	434
671	435
672	436
673	437
674	437
675	438
676	439
677	439
678	440
679	441
680	442
681	442
682	442
683	442
684	442
685	443
686	443
687	444
688	445
689	446
690	446
691	447
692	448
693	449
694	449
695	449
696	449
697	450
698	450
699	450
700	450
701	450
702	450
703	451
704	451
705	452
706	453
707	454
708	455
709	456
710	456
711	457
712	458
713	459
714	460
715	461
716	461
717	462
718	463
719	463
720	464
721	464
722	464
723	464
724	465
725	466
726	467
727	468
728	469
729	470
730	470
731	471
732	472
733	473
734	474
735	475
736	476
737	476
738	476
739	476
740	476
741	477
742	477
743	477
744	478
745	479
746	480
747	480
748	481
749	482
750	483
751	484
752	485
753	485
754	485
755	486
756	486
757	487
758	488
759	489
760	490
761	491
762	491
763	491
764	491
765	492
766	493
767	494
768	495
769	496
770	497
771	498
772	499
773	499
774	500
775	501
776	501
777	501
778	501
779	502
780	503
781	503
782	503
783	503
784	503
785	503
786	503
787	503
788	503
789	504
790	505
791	506
792	506
793	507
794	508
795	508
796	508
797	508
798	509
799	509
800	510
801	510
802	510
803	511
804	512
805	513
806	513
807	513
808	514
809	515
810	515
811	515
812	515
813	516
814	516
815	516
816	517
817	518
818	519
819	520
820	521
821	521
822	522
823	523
824	523
825	524
826	525
827	525
828	525
829	526
830	526
831	526
832	527
833	528
834	528
835	529
836	529
837	529
838	529
839	530
840	530
841	531
842	531
843	531
844	531
845	531
846	531
847	531
848	531
849	532
850	532
851	532
852	533
853	534
854	535
855	535
856	536
857	537
858	538
859	538
860	538
861	538
862	539
863	540
864	541
865	541
866	541
867	541
868	541
869	541
870	541
871	542
872	542
873	542
874	543
875	543
876	544
877	544
878	544
879	544
880	545
881	546
882	547
883	547
884	547
885	547
886	547
887	548
888	548
889	548
890	549
891	549
892	549
893	549
894	549
895	549
896	549
897	550
898	550
899	550
900	551
901	551
902	551
903	552
904	552
905	553
906	554
907	554
908	555
909	556
910	557
911	557
912	558
913	558
914	559
915	560
916	560
917	561
918	561
919	562
920	562
921	562
922	562
923	563
924	564
925	565
926	566
927	566
928	567
929	568
930	569
931	570
932	570
933	571
934	571
935	572
936	572
937	572
938	572
939	573
940	573
941	574
942	575
943	576
944	576
945	577
946	577
947	578
948	578
949	578
950	578
951	578
952	578
953	578
954	578
955	578
956	579
957	580
958	581
959	581
960	582
961	582
962	583
963	584
964	585
965	586
966	587
967	588
968	588
969	589
970	590
971	590
972	591
973	591
974	592
975	593
976	594
977	595
978	595
979	596
980	596
981	596
982	597
983	597
984	598
985	598
986	599
987	600
988	601
989	601
990	602
991	602
992	602
993	603
994	603
995	604
996	605
997	606
998	607
999	608
1000	608
1001	609
1002	610
1003	611
1004	611
1005	611
1006	611
1007	612
1008	613
1009	613
1010	613
1011	613
1012	614
1013	614
1014	614
1015	615
1016	615
1017	616
1018	616
1019	616
1020	616
1021	616
1022	616
1023	616
1024	617
1025	617
1026	618
1027	619
1028	620
1029	620
1030	620
1031	620
1032	620
1033	620
1034	620
1035	620
1036	621
1037	622
1038	622
1039	622
1040	622
1041	622
1042	623
1043	624
1044	625
1045	625
1046	625
1047	625
1048	626
1049	627
1050	628
1051	629
1052	630
1053	630
1054	630
1055	631
1056	632
1057	633
1058	633
1059	633
1060	633
1061	634
1062	634
1063	634
1064	634
1065	635
1066	636
1067	636
1068	637
1069	638
1070	639
1071	640
1072	641
1073	641
1074	641
1075	642
1076	642
1077	643
1078	644
1079	645
1080	645
1081	646
1082	647
1083	648
1084	649
1085	650
1086	651
1087	652
1088	652
1089	653
1090	654
1091	655
1092	655
1093	656
1094	657
1095	658
1096	659
1097	659
1098	659
1099	660
1100	661
1101	661
1102	661
1103	661
1104	662
1105	662
1106	662
1107	663
1108	663
1109	663
1110	663
1111	663
1112	663
1113	664
1114	665
1115	665
1116	666
1117	666
1118	667
1119	667
1120	668
1121	668
1122	669
1123	669
1124	669
1125	669
1126	670
1127	671
1128	672
1129	672
1130	673
1131	673
1132	674
1133	675
1134	676
1135	676
1136	676
1137	676
1138	676
1139	677
1140	677
1141	677
1142	677
1143	677
1144	677
1145	678
1146	679
1147	679
1148	679
1149	680
1150	680
1151	681
1152	681
1153	681
1154	682
1155	682
1156	682
1157	682
1158	682
1159	683
1160	684
1161	685
1162	685
1163	685
1164	686
1165	686
1166	686
1167	686
1168	687
1169	687
1170	687
1171	687
1172	687
1173	687
1174	688
1175	689
1176	690
1177	691
1178	692
1179	692
1180	693
1181	693
1182	694
1183	695
1184	695
1185	696
1186	696
1187	696
1188	697
1189	697
1190	697
1191	697
1192	698
1193	699
1194	699
1195	700
1196	700
1197	701
1198	701
1199	701
1200	701
1201	701
1202	702
1203	702
1204	703
1205	704
1206	704
1207	704
1208	705
1209	706
1210	706
1211	706
1212	707
1213	708
1214	708
1215	708
1216	708
1217	708
1218	709
1219	709
1220	709
1221	710
1222	711
1223	711
1224	712
1225	712
1226	712
1227	712
1228	713
1229	714
1230	714
1231	715
1232	715
1233	715
1234	716
1235	716
1236	717
1237	718
1238	718
1239	719
1240	719
1241	719
1242	719
1243	719
1244	720
1245	720
1246	721
1247	721
1248	722
1249	722
1250	722
1251	723
1252	723
1253	723
1254	724
1255	724
1256	724
1257	725
1258	725
1259	725
1260	726
1261	727
1262	727
1263	728
1264	729
1265	729
1266	729
1267	729
1268	730
1269	730
1270	730
1271	731
1272	731
1273	731
1274	732
1275	733
1276	734
1277	734
1278	734
1279	735
1280	735
1281	735
1282	736
1283	737
1284	738
1285	739
1286	740
1287	741
1288	742
1289	743
1290	744
1291	744
1292	744
1293	744
1294	744
1295	744
1296	745
1297	746
1298	746
1299	746
1300	747
1301	748
1302	748
1303	749
1304	750
1305	750
1306	750
1307	750
1308	751
1309	751
1310	751
1311	752
1312	753
1313	753
1314	753
1315	753
1316	754
1317	755
1318	755
1319	755
1320	755
1321	756
1322	756
1323	756
1324	756
1325	757
1326	757
1327	758
1328	758
1329	758
1330	759
1331	759
1332	759
1333	759
1334	760
1335	760
1336	760
1337	760
1338	761
1339	761
1340	762
1341	762
1342	762
1343	762
1344	762
1345	763
1346	763
1347	763
1348	763
1349	764
1350	765
1351	766
1352	766
1353	766
1354	767
1355	768
1356	768
1357	768
1358	768
1359	769
1360	769
1361	770
1362	770
1363	771
1364	771
1365	772
1366	773
1367	773
1368	773
1369	774
1370	774
1371	774
1372	774
1373	775
1374	776
1375	777
1376	778
1377	779
1378	779
1379	779
1380	779
1381	779
1382	779
1383	780
1384	780
1385	780
1386	780
1387	780
1388	780
1389	780
1390	780
1391	780
1392	781
1393	781
1394	782
1395	783
1396	784
1397	785
1398	785
1399	786
1400	787
1401	787
1402	787
1403	787
1404	787
1405	787
1406	788
1407	788
1408	789
1409	789
1410	789
1411	790
1412	790
1413	790
1414	790
1415	791
1416	792
1417	793
1418	794
1419	795
1420	795
1421	795
1422	795
1423	795
1424	796
1425	796
1426	797
1427	797
1428	798
1429	799
1430	799
1431	800
1432	800
1433	800
1434	800
1435	801
1436	802
1437	802
1438	802
1439	803
1440	804
1441	805
1442	805
1443	805
1444	806
1445	806
1446	806
1447	807
1448	807
1449	807
1450	807
1451	807
1452	808
1453	809
1454	810
1455	810
1456	811
1457	812
1458	812
1459	812
1460	812
1461	812
1462	812
1463	812
1464	813
1465	813
1466	813
1467	814
1468	815
1469	815
1470	816
1471	817
1472	817
1473	817
1474	817
1475	817
1476	817
1477	818
1478	818
1479	818
1480	818
1481	818
1482	818
1483	818
1484	818
1485	818
1486	818
1487	818
1488	818
1489	818
1490	818
1491	818
1492	819
1493	819
1494	819
1495	819
1496	820
1497	820
1498	820
1499	820
1500	820
1501	821
1502	821
1503	821
1504	822
1505	822
1506	823
1507	824
1508	824
1509	824
1510	824
1511	824
1512	824
1513	824
1514	824
1515	824
1516	824
1517	824
1518	824
1519	824
1520	824
1521	825
1522	826
1523	827
1524	828
1525	829
1526	829
1527	830
1528	831
1529	831
1530	831
1531	831
1532	831
1533	831
1534	831
1535	831
1536	831
1537	831
1538	831
1539	831
1540	831
1541	831
1542	832
1543	833
1544	833
1545	833
1546	833
1547	834
1548	835
1549	836
1550	837
1551	838
1552	838
1553	839
1554	839
1555	840
1556	841
1557	841
1558	842
1559	842
1560	843
1561	843
1562	843
1563	843
1564	843
1565	843
1566	844
1567	845
1568	846
1569	847
1570	847
1571	848
1572	849
1573	849
1574	849
1575	849
1576	849
1577	849
1578	850
1579	850
1580	851
1581	851
1582	851
1583	852
1584	853
1585	854
1586	855
1587	855
1588	856
1589	857
1590	858
1591	858
1592	859
1593	860
1594	861
1595	862
1596	862
1597	862
1598	862
1599	862
1600	863
1601	863
1602	864
1603	864
1604	865
1605	866
1606	867
1607	867
1608	868
1609	869
1610	870
1611	871
1612	872
1613	872
1614	873
1615	873
1616	874
1617	875
1618	875
1619	876
1620	876
1621	876
1622	877
1623	878
1624	879
1625	879
1626	879
1627	880
1628	880
1629	880
1630	880
1631	881
1632	882
1633	883
1634	883
1635	884
1636	884
1637	884
1638	885
1639	885
1640	885
1641	886
1642	886
1643	887
1644	887
1645	887
1646	888
1647	888
1648	889
1649	889
1650	890
1651	891
1652	892
1653	893
1654	894
1655	894
1656	894
1657	894
1658	895
1659	896
1660	896
1661	896
1662	896
1663	896
1664	896
1665	897
1666	897
1667	897
1668	898
1669	898
1670	898
1671	899
1672	900
1673	901
1674	901
1675	902
1676	902
1677	903
1678	903
1679	904
1680	904
1681	904
1682	904
1683	904
1684	904
1685	904
1686	904
1687	905
1688	905
1689	906
1690	907
1691	908
1692	909
1693	910
1694	910
1695	911
1696	912
1697	912
1698	913
1699	914
1700	914
1701	914
1702	914
1703	915
1704	916
1705	916
1706	916
1707	917
1708	917
1709	917
1710	917
1711	918
1712	919
1713	920
1714	920
1715	920
1716	921
1717	922
1718	922
1719	923
1720	923
1721	923
1722	924
1723	924
1724	924
1725	925
1726	925
1727	925
1728	926
1729	927
1730	928
1731	929
1732	930
1733	930
1734	930
1735	930
1736	930
1737	931
1738	932
1739	932
1740	932
1741	933
1742	934
1743	934
1744	934
1745	934
1746	934
1747	934
1748	934
1749	934
1750	934
1751	934
1752	934
1753	935
1754	935
1755	935
1756	936
1757	937
1758	938
1759	939
1760	940
1761	940
1762	941
1763	942
1764	943
1765	943
1766	943
1767	943
1768	944
1769	944
1770	944
1771	944
1772	945
1773	945
1774	946
1775	947
1776	948
1777	948
1778	949
1779	949
1780	949
1781	949
1782	949
1783	949
1784	950
1785	950
1786	950
1787	950
1788	950
1789	951
1790	952
1791	953
1792	953
1793	953
1794	953
1795	953
1796	953
1797	953
1798	953
1799	953
1800	953
1801	953
1802	953
1803	953
1804	954
1805	954
1806	954
1807	954
1808	954
1809	954
1810	955
1811	955
1812	955
1813	955
1814	956
1815	956
1816	957
1817	958
1818	958
1819	958
1820	958
1821	958
1822	958
1823	958
1824	958
1825	958
1826	958
1827	958
1828	958
1829	958
1830	959
1831	960
1832	961
1833	961
1834	961
1835	961
1836	961
1837	961
1838	961
1839	961
1840	961
1841	961
1842	961
1843	961
1844	961
1845	962
1846	963
1847	964
1848	965
1849	966
1850	967
1851	968
1852	968
1853	968
1854	969
1855	970
1856	970
1857	971
1858	972
1859	972
1860	972
1861	973
1862	974
1863	974
1864	975
1865	976
1866	977
1867	977
1868	977
1869	978
1870	979
1871	979
1872	980
1873	981
1874	982
1875	982
1876	982
1877	982
1878	982
1879	982
1880	983
1881	983
1882	983
1883	984
1884	984
1885	984
1886	984
1887	985
1888	985
1889	985
1890	985
1891	985
1892	985
1893	986
1894	987
1895	987
1896	988
1897	988
1898	988
1899	989
1900	990
1901	991
1902	992
1903	993
1904	994
1905	995
1906	995
1907	996
1908	997
1909	997
1910	998
1911	999
1912	1000
1913	1001
1914	1002
1915	1002
1916	1003
1917	1004
1918	1004
1919	1004
1920	1004
1921	1004
1922	1004
1923	1005
1924	1006
1925	1006
1926	1006
1927	1006
1928	1006
1929	1006
1930	1007
1931	1008
1932	1008
1933	1009
1934	1010
1935	1011
1936	1012
1937	1013
1938	1014
1939	1014
1940	1014
1941	1014
1942	1014
1943	1015
1944	1016
1945	1017
1946	1017
1947	1018
1948	1018
1949	1019
1950	1020
1951	1020
1952	1021
1953	1022
1954	1022
1955	1022
1956	1022
1957	1023
1958	1024
1959	1025
1960	1025
1961	1026
1962	1027
1963	1027
1964	1027
1965	1027
1966	1028
1967	1029
1968	1029
1969	1030
1970	1030
1971	1030
1972	1031
1973	1032
1974	1033
1975	1033
1976	1034
1977	1034
1978	1035
1979	1035
1980	1035
1981	1035
1982	1036
1983	1037
1984	1038
1985	1039
1986	1040
1987	1040
1988	1041
1989	1042
1990	1043
1991	1044
1992	1045
1993	1046
1994	1047
1995	1047
1996	1048
1997	1048
1998	1048
1999	1049
2000	1049
2001	1050
2002	1051
2003	1051
2004	1051
2005	1052
2006	1052
2007	1052
2008	1053
2009	1054
2010	1055
2011	1056
2012	1056
2013	1056
2014	1057
2015	1058
2016	1059
2017	1060
2018	1060
2019	1061
2020	1061
2021	1061
2022	1061
2023	1062
2024	1062
2025	1063
2026	1063
2027	1064
2028	1065
2029	1065
2030	1065
2031	1066
2032	1067
2033	1067
2034	1067
2035	1067
2036	1068
2037	1069
2038	1070
2039	1071
2040	1071
2041	1071
2042	1071
2043	1072
2044	1073
2045	1074
2046	1075
2047	1076
2048	1076
2049	1077
2050	1077
2051	1077
2052	1077
2053	1078
2054	1079
2055	1079
2056	1079
2057	1079
2058	1080
2059	1081
2060	1082
2061	1083
2062	1084
2063	1084
2064	1085
2065	1086
2066	1086
2067	1087
2068	1088
2069	1088
2070	1089
2071	1089
2072	1089
2073	1089
2074	1089
2075	1089
2076	1089
2077	1089
2078	1090
2079	1090
2080	1091
2081	1092
2082	1092
2083	1093
2084	1093
2085	1094
2086	1095
2087	1096
2088	1096
2089	1097
2090	1097
2091	1098
2092	1099
2093	1099
2094	1099
2095	1100
2096	1101
2097	1102
2098	1103
2099	1103
2100	1104
2101	1105
2102	1106
2103	1107
2104	1107
2105	1108
2106	1109
2107	1110
2108	1110
2109	1111
2110	1111
2111	1112
2112	1113
2113	1113
2114	1114
2115	1114
2116	1114
2117	1115
2118	1116
2119	1117
2120	1118
2121	1118
2122	1118
2123	1119
2124	1120
2125	1121
2126	1122
2127	1122
2128	1122
2129	1123
2130	1124
2131	1125
2132	1125
2133	1126
2134	1127
2135	1127
2136	1128
2137	1129
2138	1129
2139	1129
2140	1129
2141	1130
2142	1131
2143	1132
2144	1132
2145	1133
2146	1133
2147	1134
2148	1134
2149	1134
2150	1134
2151	1134
2152	1134
2153	1134
2154	1134
2155	1134
2156	1134
2157	1135
2158	1135
2159	1136
2160	1136
2161	1137
2162	1138
2163	1138
2164	1138
2165	1139
2166	1140
2167	1140
2168	1141
2169	1141
2170	1141
2171	1141
2172	1142
2173	1142
2174	1142
2175	1142
2176	1142
2177	1143
2178	1143
2179	1144
2180	1145
2181	1145
2182	1145
2183	1145
2184	1146
2185	1146
2186	1146
2187	1147
2188	1147
2189	1147
2190	1148
2191	1148
2192	1149
2193	1150
2194	1150
2195	1150
2196	1150
2197	1151
2198	1152
2199	1153
2200	1153
2201	1154
2202	1154
2203	1154
2204	1154
2205	1155
2206	1156
2207	1156
2208	1157
2209	1158
2210	1159
2211	1160
2212	1160
2213	1161
2214	1162
2215	1162
2216	1162
2217	1162
2218	1162
2219	1162
2220	1163
2221	1164
2222	1165
2223	1165
2224	1165
2225	1165
2226	1165
2227	1166
2228	1167
2229	1168
2230	1168
2231	1169
2232	1169
2233	1169
2234	1169
2235	1170
2236	1171
2237	1172
2238	1173
2239	1173
2240	1174
2241	1175
2242	1175
2243	1175
2244	1176
2245	1177
2246	1177
2247	1177
2248	1178
2249	1179
2250	1179
2251	1179
2252	1180
2253	1181
2254	1181
2255	1182
2256	1182
2257	1183
2258	1184
2259	1184
2260	1185
2261	1186
2262	1186
2263	1186
2264	1186
2265	1186
2266	1187
2267	1188
2268	1188
2269	1188
2270	1188
2271	1188
2272	1189
2273	1190
2274	1190
2275	1190
2276	1190
2277	1191
2278	1192
2279	1193
2280	1193
2281	1194
2282	1194
2283	1195
2284	1196
2285	1197
2286	1198
2287	1199
2288	1200
2289	1201
2290	1202
2291	1202
2292	1203
2293	1203
2294	1203
2295	1203
2296	1203
2297	1203
2298	1204
2299	1204
2300	1204
2301	1204
2302	1205
2303	1206
2304	1206
2305	1206
2306	1207
2307	1207
2308	1208
2309	1209
2310	1210
2311	1211
2312	1212
2313	1212
2314	1213
2315	1214
2316	1215
2317	1216
2318	1216
2319	1216
2320	1216
2321	1217
2322	1217
2323	1217
2324	1218
2325	1219
2326	1220
2327	1221
2328	1222
2329	1223
2330	1223
2331	1224
2332	1225
2333	1225
2334	1226
2335	1226
2336	1226
2337	1226
2338	1226
2339	1226
2340	1226
2341	1226
2342	1226
2343	1226
2344	1227
2345	1227
2346	1228
2347	1228
2348	1229
2349	1229
2350	1230
2351	1230
2352	1231
2353	1232
2354	1233
2355	1234
2356	1235
2357	1236
2358	1236
2359	1237
2360	1237
2361	1237
2362	1238
2363	1238
2364	1238
2365	1238
2366	1239
2367	1240
2368	1240
2369	1240
2370	1241
2371	1241
2372	1242
2373	1242
2374	1243
2375	1244
2376	1245
2377	1245
2378	1245
2379	1245
2380	1246
2381	1247
2382	1248
2383	1248
2384	1249
2385	1249
2386	1250
2387	1250
2388	1251
2389	1251
2390	1252
2391	1252
2392	1253
2393	1254
2394	1255
2395	1256
2396	1256
2397	1256
2398	1257
2399	1257
2400	1257
2401	1258
2402	1259
2403	1260
2404	1260
2405	1261
2406	1261
2407	1262
2408	1263
2409	1264
2410	1265
2411	1266
2412	1267
2413	1267
2414	1268
2415	1269
2416	1270
2417	1270
2418	1270
2419	1271
2420	1272
2421	1273
2422	1274
2423	1275
2424	1276
2425	1277
2426	1277
2427	1278
2428	1278
2429	1278
2430	1278
2431	1278
2432	1278
2433	1279
2434	1279
2435	1280
2436	1281
2437	1282
2438	1282
2439	1282
2440	1283
2441	1284
2442	1285
2443	1286
2444	1287
2445	1288
2446	1288
2447	1289
2448	1290
2449	1290
2450	1290
2451	1291
2452	1291
2453	1292
2454	1292
2455	1293
2456	1294
2457	1294
2458	1294
2459	1295
2460	1295
2461	1295
2462	1295
2463	1296
2464	1296
2465	1297
2466	1297
2467	1297
2468	1297
2469	1298
2470	1298
2471	1299
2472	1299
2473	1299
2474	1299
2475	1300
2476	1301
2477	1302
2478	1303
2479	1304
2480	1304
2481	1304
2482	1305
2483	1305
2484	1306
2485	1306
2486	1306
2487	1306
2488	1306
2489	1307
2490	1307
2491	1307
2492	1307
2493	1307
2494	1308
2495	1308
2496	1308
2497	1308
2498	1309
2499	1310
2500	1310
2501	1310
2502	1311
2503	1311
2504	1311
2505	1311
2506	1311
2507	1311
2508	1311
2509	1312
2510	1313
2511	1314
2512	1314
2513	1315
2514	1315
2515	1315
2516	1315
2517	1315
2518	1316
2519	1317
2520	1317
2521	1318
2522	1319
2523	1320
2524	1321
2525	1321
2526	1321
2527	1321
2528	1321
2529	1322
2530	1323
2531	1323
2532	1324
2533	1324
2534	1325
2535	1325
2536	1326
2537	1327
2538	1327
2539	1328
2540	1328
2541	1329
2542	1329
2543	1330
2544	1330
2545	1331
2546	1331
2547	1331
2548	1332
2549	1332
2550	1333
2551	1333
2552	1334
2553	1334
2554	1335
2555	1335
2556	1335
2557	1336
2558	1336
2559	1336
2560	1336
2561	1336
2562	1336
2563	1337
2564	1338
2565	1339
2566	1340
2567	1340
2568	1341
2569	1341
2570	1342
2571	1342
2572	1342
2573	1343
2574	1344
2575	1345
2576	1346
2577	1347
2578	1348
2579	1349
2580	1349
2581	1349
2582	1350
2583	1350
2584	1351
2585	1351
2586	1351
2587	1351
2588	1352
2589	1353
2590	1354
2591	1355
2592	1356
2593	1357
2594	1358
2595	1358
2596	1359
2597	1359
2598	1359
2599	1360
2600	1360
2601	1360
2602	1360
2603	1361
2604	1362
2605	1363
2606	1363
2607	1363
2608	1364
2609	1365
2610	1365
2611	1365
2612	1365
2613	1366
2614	1367
2615	1367
2616	1367
2617	1368
2618	1369
2619	1370
2620	1371
2621	1371
2622	1371
2623	1371
2624	1372
2625	1372
2626	1372
2627	1372
2628	1372
2629	1372
2630	1372
2631	1373
2632	1374
2633	1374
2634	1374
2635	1375
2636	1375
2637	1375
2638	1375
2639	1375
2640	1376
2641	1376
2642	1377
2643	1377
2644	1377
2645	1377
2646	1377
2647	1377
2648	1378
2649	1379
2650	1379
2651	1379
2652	1380
2653	1380
2654	1381
2655	1381
2656	1381
2657	1381
2658	1381
2659	1381
2660	1381
2661	1381
2662	1382
2663	1383
2664	1383
2665	1383
2666	1383
2667	1384
2668	1385
2669	1385
2670	1386
2671	1386
2672	1387
2673	1388
2674	1389
2675	1390
2676	1390
2677	1391
2678	1392
2679	1392
2680	1392
2681	1393
2682	1393
2683	1394
2684	1394
2685	1394
2686	1394
2687	1394
2688	1395
2689	1395
2690	1395
2691	1395
2692	1395
2693	1395
2694	1396
2695	1396
2696	1397
2697	1397
2698	1398
2699	1399
2700	1399
2701	1399
2702	1400
2703	1400
2704	1400
2705	1400
2706	1400
2707	1401
2708	1402
2709	1403
2710	1403
2711	1403
2712	1404
2713	1405
2714	1406
2715	1406
2716	1406
2717	1406
2718	1406
2719	1406
2720	1406
2721	1407
2722	1408
2723	1409
2724	1409
2725	1409
2726	1409
2727	1409
2728	1409
2729	1409
2730	1409
2731	1409
2732	1409
2733	1410
2734	1411
2735	1412
2736	1412
2737	1412
2738	1412
2739	1412
2740	1412
2741	1413
2742	1414
2743	1414
2744	1414
2745	1414
2746	1415
2747	1415
2748	1415
2749	1416
2750	1416
2751	1417
2752	1418
2753	1418
2754	1419
2755	1419
2756	1419
2757	1419
2758	1420
2759	1420
2760	1420
2761	1420
2762	1421
2763	1421
2764	1421
2765	1421
2766	1421
2767	1422
2768	1422
2769	1422
2770	1423
2771	1423
2772	1424
2773	1425
2774	1425
2775	1425
2776	1425
2777	1426
2778	1427
2779	1428
2780	1428
2781	1429
2782	1430
2783	1430
2784	1431
2785	1431
2786	1432
2787	1433
2788	1433
2789	1434
2790	1435
2791	1435
2792	1435
2793	1435
2794	1436
2795	1437
2796	1438
2797	1438
2798	1438
2799	1438
2800	1439
2801	1440
2802	1440
2803	1440
2804	1441
2805	1442
2806	1442
2807	1442
2808	1443
2809	1443
2810	1443
2811	1444
2812	1444
2813	1445
2814	1446
2815	1446
2816	1446
2817	1446
2818	1446
2819	1447
2820	1447
2821	1447
2822	1448
2823	1449
2824	1450
2825	1450
2826	1451
2827	1451
2828	1451
2829	1451
2830	1451
2831	1452
2832	1452
2833	1452
2834	1452
2835	1452
2836	1453
2837	1454
2838	1455
2839	1455
2840	1456
2841	1457
2842	1458
2843	1458
2844	1458
2845	1458
2846	1458
2847	1459
2848	1459
2849	1459
2850	1460
2851	1461
2852	1462
2853	1463
2854	1463
2855	1464
2856	1465
2857	1465
2858	1465
2859	1465
2860	1465
2861	1465
2862	1465
2863	1465
2864	1465
2865	1465
2866	1466
2867	1467
2868	1468
2869	1469
2870	1469
2871	1469
2872	1470
2873	1470
2874	1470
2875	1471
2876	1471
2877	1471
2878	1472
2879	1472
2880	1472
2881	1472
2882	1472
2883	1473
2884	1473
2885	1474
2886	1474
2887	1475
2888	1476
2889	1477
2890	1478
2891	1479
2892	1480
2893	1480
2894	1480
2895	1480
2896	1480
2897	1481
2898	1482
2899	1483
2900	1484
2901	1485
2902	1486
2903	1487
2904	1488
2905	1488
2906	1488
2907	1488
2908	1489
2909	1490
2910	1491
2911	1491
2912	1491
2913	1492
2914	1493
2915	1493
2916	1493
2917	1494
2918	1495
2919	1496
2920	1496
2921	1497
2922	1498
2923	1499
2924	1500
2925	1500
2926	1500
2927	1500
2928	1500
2929	1500
2930	1500
2931	1500
2932	1500
2933	1501
2934	1502
2935	1502
2936	1503
2937	1504
2938	1505
2939	1505
2940	1505
2941	1505
2942	1506
2943	1506
2944	1506
2945	1507
2946	1507
2947	1508
2948	1509
2949	1509
2950	1509
2951	1509
2952	1509
2953	1510
2954	1510
2955	1511
2956	1512
2957	1512
2958	1513
2959	1513
2960	1513
2961	1513
2962	1514
2963	1515
2964	1516
2965	1516
2966	1517
2967	1517
2968	1517
2969	1518
2970	1518
2971	1518
2972	1519
2973	1519
2974	1519
2975	1519
2976	1520
2977	1520
2978	1521
2979	1522
2980	1522
2981	1522
2982	1523
2983	1523
2984	1523
2985	1523
2986	1523
2987	1524
2988	1525
2989	1526
2990	1527
2991	1528
2992	1528
2993	1529
2994	1530
2995	1530
2996	1530
2997	1531
2998	1531
2999	1531
3000	1531
3001	1531
3002	1531
3003	1531
3004	1531
3005	1532
3006	1532
3007	1533
3008	1534
3009	1535
3010	1535
3011	1535
3012	1536
3013	1537
3014	1537
3015	1537
3016	1537
3017	1537
3018	1538
3019	1539
3020	1539
3021	1540
3022	1541
3023	1541
3024	1542
3025	1543
3026	1544
3027	1545
3028	1546
3029	1546
3030	1546
3031	1547
3032	1547
3033	1547
3034	1547
3035	1548
3036	1549
3037	1550
3038	1551
3039	1551
3040	1551
3041	1552
3042	1552
3043	1552
3044	1552
3045	1553
3046	1554
3047	1555
3048	1555
3049	1555
3050	1556
3051	1556
3052	1556
3053	1556
3054	1556
3055	1556
3056	1557
3057	1557
3058	1558
3059	1558
3060	1559
3061	1560
3062	1560
3063	1561
3064	1561
3065	1561
3066	1561
3067	1561
3068	1562
3069	1562
3070	1562
3071	1563
3072	1564
3073	1564
3074	1564
3075	1565
3076	1565
3077	1565
3078	1566
3079	1566
3080	1566
3081	1567
3082	1567
3083	1568
3084	1568
3085	1568
3086	1568
3087	1568
3088	1568
3089	1568
3090	1568
3091	1568
3092	1568
3093	1569
3094	1569
3095	1569
3096	1569
3097	1569
3098	1570
3099	1571
3100	1571
3101	1571
3102	1572
3103	1572
3104	1572
3105	1573
3106	1573
3107	1574
3108	1574
3109	1574
3110	1574
3111	1574
3112	1575
3113	1576
3114	1576
3115	1576
3116	1577
3117	1578
3118	1578
3119	1578
3120	1578
3121	1579
3122	1579
3123	1580
3124	1581
3125	1581
3126	1581
3127	1582
3128	1582
3129	1582
3130	1582
3131	1583
3132	1583
3133	1583
3134	1584
3135	1584
3136	1584
3137	1584
3138	1585
3139	1586
3140	1587
3141	1588
3142	1589
3143	1589
3144	1589
3145	1589
3146	1589
3147	1589
3148	1589
3149	1589
3150	1589
3151	1589
3152	1590
3153	1590
3154	1590
3155	1591
3156	1591
3157	1592
3158	1593
3159	1593
3160	1593
3161	1594
3162	1595
3163	1595
3164	1595
3165	1595
3166	1595
3167	1595
3168	1595
3169	1596
3170	1596
3171	1596
3172	1596
3173	1596
3174	1597
3175	1597
3176	1597
3177	1597
3178	1598
3179	1599
3180	1600
3181	1601
3182	1602
3183	1603
3184	1604
3185	1604
3186	1604
3187	1604
3188	1604
3189	1605
3190	1606
3191	1607
3192	1608
3193	1608
3194	1608
3195	1608
3196	1608
3197	1609
3198	1609
3199	1609
3200	1609
3201	1609
3202	1609
3203	1609
3204	1609
3205	1609
3206	1609
3207	1610
3208	1611
3209	1612
3210	1612
3211	1613
3212	1613
3213	1613
3214	1613
3215	1613
3216	1613
3217	1613
3218	1614
3219	1615
3220	1615
3221	1616
3222	1616
3223	1616
3224	1616
3225	1616
3226	1616
3227	1616
3228	1616
3229	1616
3230	1616
3231	1616
3232	1616
3233	1616
3234	1617
3235	1617
3236	1618
3237	1618
3238	1619
3239	1619
3240	1619
3241	1619
3242	1619
3243	1620
3244	1620
3245	1621
3246	1622
3247	1623
3248	1624
3249	1624
3250	1624
3251	1624
3252	1624
3253	1625
3254	1626
3255	1626
3256	1626
3257	1626
3258	1626
3259	1627
3260	1627
3261	1627
3262	1628
3263	1629
3264	1630
3265	1631
3266	1631
3267	1632
3268	1632
3269	1632
3270	1632
3271	1632
3272	1632
3273	1632
3274	1632
3275	1633
3276	1633
3277	1634
3278	1634
3279	1634
3280	1634
3281	1634
3282	1635
3283	1636
3284	1636
3285	1636
3286	1637
3287	1638
3288	1638
3289	1638
3290	1638
3291	1639
3292	1640
3293	1641
3294	1641
3295	1641
3296	1641
3297	1641
3298	1641
3299	1641
3300	1642
3301	1642
3302	1642
3303	1643
3304	1643
3305	1644
3306	1644
3307	1644
3308	1644
3309	1645
3310	1645
3311	1645
3312	1645
3313	1645
3314	1646
3315	1647
3316	1648
3317	1649
3318	1650
3319	1650
3320	1651
3321	1652
3322	1653
3323	1653
3324	1654
3325	1655
3326	1656
3327	1656
3328	1656
3329	1656
3330	1656
3331	1656
3332	1656
3333	1656
3334	1656
3335	1656
3336	1656
3337	1656
3338	1657
3339	1657
3340	1657
3341	1657
3342	1658
3343	1659
3344	1660
3345	1660
3346	1660
3347	1660
3348	1660
3349	1661
3350	1662
3351	1663
3352	1664
3353	1665
3354	1666
3355	1666
3356	1667
3357	1667
3358	1668
3359	1668
3360	1669
3361	1670
3362	1670
3363	1671
3364	1671
3365	1671
3366	1671
3367	1671
3368	1671
3369	1672
3370	1673
3371	1674
3372	1675
3373	1676
3374	1677
3375	1678
3376	1679
3377	1679
3378	1680
3379	1681
3380	1681
3381	1681
3382	1681
3383	1681
3384	1682
3385	1683
3386	1684
3387	1685
3388	1685
3389	1685
3390	1686
3391	1687
3392	1687
3393	1687
3394	1688
3395	1688
3396	1688
3397	1688
3398	1688
3399	1688
3400	1688
3401	1688
3402	1688
3403	1688
3404	1689
3405	1690
3406	1691
3407	1691
3408	1692
3409	1692
3410	1693
3411	1693
3412	1693
3413	1694
3414	1694
3415	1694
3416	1694
3417	1694
3418	1694
3419	1694
3420	1695
3421	1696
3422	1696
3423	1696
3424	1697
3425	1698
3426	1698
3427	1699
3428	1700
3429	1700
3430	1701
3431	1701
3432	1702
3433	1702
3434	1702
3435	1702
3436	1703
3437	1704
3438	1704
3439	1704
3440	1705
3441	1705
3442	1705
3443	1705
3444	1705
3445	1706
3446	1706
3447	1706
3448	1706
3449	1706
3450	1706
3451	1706
3452	1706
3453	1707
3454	1708
3455	1708
3456	1709
3457	1709
3458	1709
3459	1709
3460	1709
3461	1709
3462	1709
3463	1710
3464	1711
3465	1711
3466	1711
3467	1711
3468	1712
3469	1713
3470	1713
3471	1713
3472	1714
3473	1715
3474	1716
3475	1717
3476	1718
3477	1718
3478	1719
3479	1719
3480	1719
3481	1720
3482	1720
3483	1721
3484	1722
3485	1723
3486	1723
3487	1723
3488	1723
3489	1724
3490	1724
3491	1724
3492	1725
3493	1725
3494	1726
3495	1727
3496	1727
3497	1728
3498	1729
3499	1729
3500	1729
3501	1730
3502	1731
3503	1731
3504	1731
3505	1731
3506	1731
3507	1731
3508	1731
3509	1732
3510	1733
3511	1733
3512	1733
3513	1734
3514	1734
3515	1734
3516	1734
3517	1734
3518	1734
3519	1734
3520	1734
3521	1735
3522	1735
3523	1735
3524	1735
3525	1735
3526	1736
3527	1737
3528	1737
3529	1738
3530	1739
3531	1739
3532	1740
3533	1741
3534	1741
3535	1741
3536	1742
3537	1743
3538	1744
3539	1744
3540	1744
3541	1744
3542	1744
3543	1744
3544	1745
3545	1745
3546	1746
3547	1747
3548	1747
3549	1747
3550	1748
3551	1749
3552	1749
3553	1750
3554	1750
3555	1751
3556	1751
3557	1752
3558	1752
3559	1752
3560	1753
3561	1753
3562	1754
3563	1754
3564	1755
3565	1756
3566	1757
3567	1757
3568	1758
3569	1758
3570	1759
3571	1760
3572	1760
3573	1760
3574	1761
3575	1761
3576	1761
3577	1762
3578	1762
3579	1762
3580	1762
3581	1763
3582	1763
3583	1764
3584	1765
3585	1766
3586	1766
3587	1766
3588	1766
3589	1767
3590	1767
3591	1768
3592	1769
3593	1770
3594	1770
3595	1770
3596	1770
3597	1770
3598	1771
3599	1771
3600	1772
3601	1772
3602	1772
3603	1773
3604	1773
3605	1774
3606	1774
3607	1775
3608	1775
3609	1776
3610	1777
3611	1778
3612	1778
3613	1778
3614	1779
3615	1779
3616	1779
3617	1780
3618	1780
3619	1781
3620	1781
3621	1781
3622	1781
3623	1782
3624	1783
3625	1784
3626	1785
3627	1785
3628	1786
3629	1787
3630	1787
3631	1788
3632	1789
3633	1790
3634	1790
3635	1791
3636	1791
3637	1792
3638	1792
3639	1792
3640	1792
3641	1793
3642	1794
3643	1794
3644	1794
3645	1794
3646	1795
3647	1795
3648	1795
3649	1795
3650	1795
3651	1796
3652	1797
3653	1797
3654	1798
3655	1798
3656	1798
3657	1799
3658	1799
3659	1800
3660	1800
3661	1800
3662	1800
3663	1800
3664	1800
3665	1800
3666	1800
3667	1800
3668	1800
3669	1800
3670	1800
3671	1801
3672	1801
3673	1801
3674	1801
3675	1801
3676	1802
3677	1802
3678	1803
3679	1804
3680	1804
3681	1804
3682	1804
3683	1805
3684	1806
3685	1806
3686	1806
3687	1807
3688	1808
3689	1808
3690	1808
3691	1809
3692	1809
3693	1809
3694	1809
3695	1809
3696	1810
3697	1810
3698	1810
3699	1810
3700	1810
3701	1811
3702	1812
3703	1812
3704	1812
3705	1813
3706	1813
3707	1814
3708	1814
3709	1815
3710	1815
3711	1816
3712	1816
3713	1816
3714	1817
3715	1818
3716	1819
3717	1820
3718	1820
3719	1821
3720	1821
3721	1821
3722	1821
3723	1822
3724	1822
3725	1822
3726	1823
3727	1823
3728	1823
3729	1823
3730	1823
3731	1823
3732	1824
3733	1824
3734	1825
3735	1826
3736	1827
3737	1828
3738	1829
3739	1829
3740	1829
3741	1830
3742	1830
3743	1830
3744	1831
3745	1832
3746	1832
3747	1832
3748	1832
3749	1832
3750	1832
3751	1833
3752	1833
3753	1833
3754	1833
3755	1833
3756	1833
3757	1833
3758	1834
3759	1834
3760	1834
3761	1834
3762	1835
3763	1835
3764	1836
3765	1836
3766	1837
3767	1837
3768	1838
3769	1838
3770	1838
3771	1838
3772	1838
3773	1838
3774	1838
3775	1839
3776	1839
3777	1840
3778	1840
3779	1841
3780	1842
3781	1843
3782	1843
3783	1843
3784	1843
3785	1843
3786	1844
3787	1844
3788	1844
3789	1844
3790	1844
3791	1845
3792	1845
3793	1845
3794	1845
3795	1846
3796	1846
3797	1847
3798	1847
3799	1847
3800	1847
3801	1848
3802	1848
3803	1848
3804	1848
3805	1849
3806	1850
3807	1851
3808	1852
3809	1852
3810	1852
3811	1852
3812	1852
3813	1852
3814	1853
3815	1854
3816	1854
3817	1854
3818	1854
3819	1854
3820	1854
3821	1855
3822	1855
3823	1855
3824	1855
3825	1855
3826	1856
3827	1856
3828	1856
3829	1857
3830	1857
3831	1858
3832	1858
3833	1858
3834	1858
3835	1859
3836	1859
3837	1859
3838	1859
3839	1860
3840	1860
3841	1861
3842	1861
3843	1862
3844	1863
3845	1863
3846	1863
3847	1863
3848	1863
3849	1863
3850	1863
3851	1864
3852	1864
3853	1864
3854	1864
3855	1864
3856	1865
3857	1865
3858	1865
3859	1866
3860	1867
3861	1867
3862	1867
3863	1867
3864	1867
3865	1867
3866	1868
3867	1868
3868	1869
3869	1870
3870	1870
3871	1870
3872	1870
3873	1871
3874	1871
3875	1871
3876	1871
3877	1871
3878	1872
3879	1872
3880	1873
3881	1873
3882	1873
3883	1873
3884	1874
3885	1874
3886	1874
3887	1875
3888	1876
3889	1876
3890	1876
3891	1876
3892	1876
3893	1876
3894	1877
3895	1878
3896	1878
3897	1879
3898	1880
3899	1880
3900	1881
3901	1881
3902	1881
3903	1881
3904	1882
3905	1882
3906	1882
3907	1883
3908	1883
3909	1883
3910	1883
3911	1884
3912	1884
3913	1884
3914	1884
3915	1884
3916	1884
3917	1884
3918	1884
3919	1885
3920	1885
3921	1885
3922	1885
3923	1885
3924	1885
3925	1885
3926	1885
3927	1885
3928	1885
3929	1886
3930	1886
3931	1887
3932	1888
3933	1889
3934	1889
3935	1890
3936	1891
3937	1892
3938	1893
3939	1894
3940	1894
3941	1895
3942	1895
3943	1896
3944	1896
3945	1897
3946	1897
3947	1897
3948	1897
3949	1898
3950	1899
3951	1900
3952	1900
3953	1901
3954	1901
3955	1901
3956	1901
3957	1901
3958	1902
3959	1902
3960	1903
3961	1903
3962	1903
3963	1903
3964	1903
3965	1903
3966	1903
3967	1903
3968	1903
3969	1904
3970	1904
3971	1904
3972	1905
3973	1906
3974	1906
3975	1906
3976	1906
3977	1907
3978	1907
3979	1907
3980	1907
3981	1908
3982	1908
3983	1909
3984	1910
3985	1910
3986	1910
3987	1911
3988	1911
3989	1912
3990	1912
3991	1912
3992	1912
3993	1912
3994	1912
3995	1912
3996	1913
3997	1914
3998	1914
3999	1914
4000	1914
4001	1914
4002	1915
4003	1915
4004	1916
4005	1916
4006	1916
4007	1916
4008	1917
4009	1917
4010	1917
4011	1918
4012	1919
4013	1919
4014	1919
4015	1919
4016	1919
4017	1919
4018	1919
4019	1920
4020	1920
4021	1920
4022	1920
4023	1921
4024	1922
4025	1922
4026	1922
4027	1923
4028	1923
4029	1923
4030	1923
4031	1924
4032	1924
4033	1924
4034	1925
4035	1925
4036	1925
4037	1926
4038	1926
4039	1926
4040	1926
4041	1926
4042	1927
4043	1928
4044	1929
4045	1930
4046	1930
4047	1930
4048	1930
4049	1930
4050	1930
4051	1930
4052	1930
4053	1931
4054	1931
4055	1932
4056	1933
4057	1934
4058	1934
4059	1935
4060	1935
4061	1936
4062	1936
4063	1937
4064	1937
4065	1937
4066	1937
4067	1938
4068	1938
4069	1938
4070	1938
4071	1939
4072	1940
4073	1940
4074	1940
4075	1940
4076	1941
4077	1942
4078	1942
4079	1942
4080	1942
4081	1942
4082	1942
4083	1942
4084	1942
4085	1942
4086	1942
4087	1943
4088	1943
4089	1943
4090	1944
4091	1945
4092	1946
4093	1947
4094	1947
4095	1948
4096	1948
4097	1948
4098	1948
4099	1948
4100	1948
4101	1949
4102	1949
4103	1950
4104	1951
4105	1952
4106	1952
4107	1952
4108	1953
4109	1954
4110	1954
4111	1955
4112	1956
4113	1956
4114	1956
4115	1956
4116	1956
4117	1957
4118	1958
4119	1958
4120	1958
4121	1959
4122	1959
4123	1959
4124	1959
4125	1960
4126	1960
4127	1960
4128	1961
4129	1961
4130	1961
4131	1961
4132	1961
4133	1962
4134	1962
4135	1962
4136	1962
4137	1963
4138	1963
4139	1963
4140	1963
4141	1963
4142	1963
4143	1963
4144	1963
4145	1964
4146	1964
4147	1964
4148	1964
4149	1964
4150	1965
4151	1965
4152	1965
4153	1965
4154	1966
4155	1967
4156	1968
4157	1968
4158	1968
4159	1969
4160	1969
4161	1970
4162	1971
4163	1971
4164	1971
4165	1971
4166	1971
4167	1971
4168	1971
4169	1971
4170	1971
4171	1971
4172	1972
4173	1972
4174	1973
4175	1973
4176	1973
4177	1973
4178	1974
4179	1975
4180	1975
4181	1976
4182	1976
4183	1976
4184	1976
4185	1976
4186	1976
4187	1976
4188	1977
4189	1977
4190	1978
4191	1979
4192	1980
4193	1981
4194	1982
4195	1983
4196	1983
4197	1983
4198	1983
4199	1984
4200	1985
4201	1986
4202	1986
4203	1986
4204	1986
4205	1986
4206	1986
4207	1986
4208	1987
4209	1988
4210	1988
4211	1988
4212	1988
4213	1988
4214	1988
4215	1989
4216	1989
4217	1990
4218	1990
4219	1990
4220	1991
4221	1991
4222	1992
4223	1992
4224	1993
4225	1994
4226	1994
4227	1995
4228	1996
4229	1997
4230	1998
4231	1998
4232	1998
4233	1998
4234	1999
4235	2000
4236	2000
4237	2000
4238	2000
4239	2000
4240	2000
4241	2001
4242	2002
4243	2002
4244	2002
4245	2003
4246	2003
4247	2003
4248	2004
4249	2004
4250	2004
4251	2004
4252	2004
4253	2005
4254	2006
4255	2006
4256	2006
4257	2006
4258	2007
4259	2007
4260	2008
4261	2008
4262	2009
4263	2010
4264	2011
4265	2011
4266	2011
4267	2012
4268	2012
4269	2013
4270	2013
4271	2013
4272	2014
4273	2014
4274	2015
4275	2015
4276	2015
4277	2015
4278	2015
4279	2016
4280	2017
4281	2018
4282	2018
4283	2018
4284	2019
4285	2019
4286	2020
4287	2020
4288	2020
4289	2020
4290	2021
4291	2022
4292	2023
4293	2023
4294	2024
4295	2024
4296	2024
4297	2025
4298	2025
4299	2026
4300	2027
4301	2027
4302	2027
4303	2028
4304	2029
4305	2030
4306	2031
4307	2031
4308	2032
4309	2032
4310	2032
4311	2033
4312	2033
4313	2034
4314	2034
4315	2034
4316	2034
4317	2034
4318	2035
4319	2035
4320	2036
4321	2036
4322	2037
4323	2037
4324	2038
4325	2039
4326	2039
4327	2039
4328	2039
4329	2039
4330	2040
4331	2040
4332	2040
4333	2040
4334	2041
4335	2041
4336	2041
4337	2042
4338	2042
4339	2043
4340	2043
4341	2044
4342	2044
4343	2045
4344	2046
4345	2046
4346	2047
4347	2047
4348	2047
4349	2047
4350	2047
4351	2047
4352	2047
4353	2047
4354	2047
4355	2048
4356	2049
4357	2050
4358	2050
4359	2051
4360	2052
4361	2052
4362	2053
4363	2053
4364	2053
4365	2054
4366	2054
4367	2055
4368	2055
4369	2055
4370	2056
4371	2056
4372	2057
4373	2058
4374	2058
4375	2058
4376	2058
4377	2058
4378	2058
4379	2058
4380	2058
4381	2058
4382	2058
4383	2059
4384	2059
4385	2060
4386	2060
4387	2060
4388	2060
4389	2060
4390	2060
4391	2060
4392	2060
4393	2061
4394	2061
4395	2061
4396	2062
4397	2062
4398	2062
4399	2063
4400	2063
4401	2063
4402	2063
4403	2063
4404	2063
4405	2064
4406	2065
4407	2066
4408	2067
4409	2067
4410	2068
4411	2069
4412	2070
4413	2070
4414	2071
4415	2071
4416	2071
4417	2072
4418	2073
4419	2073
4420	2074
4421	2074
4422	2074
4423	2075
4424	2076
4425	2076
4426	2076
4427	2076
4428	2077
4429	2078
4430	2078
4431	2078
4432	2078
4433	2078
4434	2078
4435	2078
4436	2079
4437	2079
4438	2079
4439	2079
4440	2079
4441	2079
4442	2080
4443	2081
4444	2081
4445	2082
4446	2083
4447	2083
4448	2084
4449	2084
4450	2085
4451	2086
4452	2087
4453	2087
4454	2087
4455	2087
4456	2088
4457	2089
4458	2090
4459	2091
4460	2091
4461	2092
4462	2093
4463	2093
4464	2094
4465	2095
4466	2096
4467	2096
4468	2097
4469	2097
4470	2098
4471	2098
4472	2098
4473	2099
4474	2099
4475	2100
4476	2100
4477	2100
4478	2100
4479	2100
4480	2101
4481	2102
4482	2102
4483	2102
4484	2102
4485	2103
4486	2103
4487	2103
4488	2103
4489	2104
4490	2105
4491	2105
4492	2106
4493	2107
4494	2107
4495	2108
4496	2109
4497	2110
4498	2111
4499	2111
4500	2112
4501	2112
4502	2112
4503	2112
4504	2112
4505	2113
4506	2113
4507	2113
4508	2114
4509	2114
4510	2114
4511	2114
4512	2115
4513	2115
4514	2115
4515	2115
4516	2115
4517	2115
4518	2116
4519	2116
4520	2116
4521	2117
4522	2118
4523	2118
4524	2118
4525	2119
4526	2119
4527	2119
4528	2120
4529	2120
4530	2120
4531	2121
4532	2121
4533	2121
4534	2121
4535	2121
4536	2122
4537	2123
4538	2124
4539	2125
4540	2125
4541	2126
4542	2126
4543	2126
4544	2126
4545	2127
4546	2127
4547	2127
4548	2127
4549	2127
4550	2127
4551	2127
4552	2127
4553	2128
4554	2128
4555	2128
4556	2129
4557	2129
4558	2130
4559	2130
4560	2131
4561	2131
4562	2131
4563	2132
4564	2132
4565	2133
4566	2133
4567	2133
4568	2133
4569	2133
4570	2134
4571	2135
4572	2135
4573	2135
4574	2136
4575	2137
4576	2137
4577	2138
4578	2138
4579	2139
4580	2139
4581	2140
4582	2140
4583	2141
4584	2141
4585	2141
4586	2142
4587	2142
4588	2143
4589	2143
4590	2143
4591	2143
4592	2144
4593	2144
4594	2144
4595	2145
4596	2145
4597	2146
4598	2147
4599	2147
4600	2147
4601	2148
4602	2149
4603	2149
4604	2149
4605	2149
4606	2149
4607	2149
4608	2149
4609	2150
4610	2150
4611	2150
4612	2150
4613	2150
4614	2150
4615	2150
4616	2150
4617	2150
4618	2150
4619	2151
4620	2151
4621	2152
4622	2152
4623	2152
4624	2153
4625	2153
4626	2153
4627	2153
4628	2153
4629	2154
4630	2154
4631	2155
4632	2155
4633	2155
4634	2155
4635	2155
4636	2155
4637	2156
4638	2156
4639	2156
4640	2156
4641	2156
4642	2157
4643	2157
4644	2158
4645	2158
4646	2158
4647	2158
4648	2159
4649	2159
4650	2159
4651	2159
4652	2159
4653	2159
4654	2159
4655	2160
4656	2161
4657	2161
4658	2161
4659	2161
4660	2161
4661	2161
4662	2161
4663	2162
4664	2163
4665	2163
4666	2164
4667	2164
4668	2165
4669	2165
4670	2166
4671	2166
4672	2167
4673	2168
4674	2169
4675	2170
4676	2170
4677	2170
4678	2170
4679	2170
4680	2170
4681	2171
4682	2171
4683	2171
4684	2171
4685	2172
4686	2172
4687	2173
4688	2173
4689	2174
4690	2175
4691	2176
4692	2176
4693	2176
4694	2176
4695	2176
4696	2177
4697	2177
4698	2177
4699	2178
4700	2179
4701	2179
4702	2180
4703	2181
4704	2181
4705	2182
4706	2182
4707	2183
4708	2184
4709	2184
4710	2185
4711	2186
4712	2186
4713	2187
4714	2188
4715	2188
4716	2189
4717	2189
4718	2189
4719	2189
4720	2190
4721	2190
4722	2190
4723	2190
4724	2190
4725	2191
4726	2191
4727	2192
4728	2192
4729	2192
4730	2193
4731	2194
4732	2194
4733	2194
4734	2194
4735	2194
4736	2194
4737	2195
4738	2195
4739	2195
4740	2195
4741	2195
4742	2195
4743	2196
4744	2197
4745	2197
4746	2197
4747	2197
4748	2198
4749	2199
4750	2200
4751	2201
4752	2202
4753	2202
4754	2202
4755	2203
4756	2203
4757	2204
4758	2205
4759	2205
4760	2206
4761	2207
4762	2207
4763	2207
4764	2207
4765	2207
4766	2207
4767	2208
4768	2209
4769	2209
4770	2209
4771	2209
4772	2210
4773	2210
4774	2211
4775	2212
4776	2213
4777	2214
4778	2214
4779	2215
4780	2216
4781	2217
4782	2217
4783	2217
4784	2217
4785	2217
4786	2217
4787	2218
4788	2218
4789	2218
4790	2218
4791	2218
4792	2218
4793	2218
4794	2218
4795	2218
4796	2219
4797	2219
4798	2219
4799	2219
4800	2219
4801	2219
4802	2219
4803	2219
4804	2219
4805	2219
4806	2220
4807	2221
4808	2221
4809	2221
4810	2222
4811	2223
4812	2223
4813	2224
4814	2224
4815	2225
4816	2225
4817	2225
4818	2226
4819	2227
4820	2228
4821	2228
4822	2228
4823	2228
4824	2229
4825	2229
4826	2229
4827	2229
4828	2229
4829	2230
4830	2230
4831	2231
4832	2231
4833	2231
4834	2232
4835	2232
4836	2233
4837	2233
4838	2233
4839	2234
4840	2235
4841	2236
4842	2236
4843	2236
4844	2236
4845	2236
4846	2237
4847	2237
4848	2238
4849	2238
4850	2238
4851	2238
4852	2238
4853	2238
4854	2238
4855	2238
4856	2238
4857	2239
4858	2239
4859	2240
4860	2240
4861	2240
4862	2240
4863	2240
4864	2240
4865	2240
4866	2241
4867	2241
4868	2242
4869	2243
4870	2243
4871	2243
4872	2244
4873	2244
4874	2244
4875	2244
4876	2244
4877	2244
4878	2244
4879	2245
4880	2246
4881	2247
4882	2248
4883	2248
4884	2248
4885	2248
4886	2248
4887	2248
4888	2248
4889	2248
4890	2248
4891	2248
4892	2249
4893	2249
4894	2249
4895	2250
4896	2250
4897	2250
4898	2250
4899	2251
4900	2252
4901	2252
4902	2253
4903	2254
4904	2255
4905	2255
4906	2256
4907	2257
4908	2258
4909	2259
4910	2259
4911	2260
4912	2260
4913	2261
4914	2261
4915	2261
4916	2261
4917	2261
4918	2261
4919	2261
4920	2261
4921	2262
4922	2263
4923	2264
4924	2264
4925	2264
4926	2264
4927	2264
4928	2265
4929	2265
4930	2265
4931	2265
4932	2266
4933	2267
4934	2267
4935	2268
4936	2268
4937	2268
4938	2268
4939	2269
4940	2269
4941	2270
4942	2270
4943	2270
4944	2270
4945	2270
4946	2270
4947	2270
4948	2270
4949	2270
4950	2270
4951	2270
4952	2271
4953	2271
4954	2271
4955	2271
4956	2271
4957	2271
4958	2272
4959	2273
4960	2274
4961	2274
4962	2274
4963	2275
4964	2275
4965	2275
4966	2275
4967	2275
4968	2276
4969	2276
4970	2276
4971	2276
4972	2276
4973	2277
4974	2277
4975	2277
4976	2277
4977	2278
4978	2279
4979	2279
4980	2279
4981	2279
4982	2280
4983	2281
4984	2281
4985	2281
4986	2281
4987	2281
4988	2281
4989	2281
4990	2281
4991	2281
4992	2281
4993	2281
4994	2282
4995	2283
4996	2283
4997	2284
4998	2285
4999	2286
5000	2286
5001	2286
5002	2286
5003	2287
5004	2288
5005	2289
5006	2289
5007	2289
5008	2289
5009	2289
5010	2290
5011	2291
5012	2291
5013	2291
5014	2292
5015	2292
5016	2292
5017	2292
5018	2292
5019	2292
5020	2292
5021	2293
5022	2293
5023	2293
5024	2293
5025	2293
5026	2293
5027	2293
5028	2294
5029	2295
5030	2295
5031	2295
5032	2296
5033	2296
5034	2297
5035	2297
5036	2298
5037	2298
5038	2299
5039	2300
5040	2301
5041	2302
5042	2302
5043	2303
5044	2304
5045	2305
5046	2305
5047	2305
5048	2305
5049	2305
5050	2306
5051	2307
5052	2307
5053	2308
5054	2309
5055	2310
5056	2311
5057	2312
5058	2312
5059	2312
5060	2313
5061	2314
5062	2314
5063	2314
5064	2314
5065	2314
5066	2315
5067	2316
5068	2317
5069	2317
5070	2317
5071	2318
5072	2318
5073	2318
5074	2319
5075	2319
5076	2319
5077	2319
5078	2319
5079	2319
5080	2319
5081	2319
5082	2320
5083	2320
5084	2320
5085	2320
5086	2320
5087	2320
5088	2321
5089	2321
5090	2321
5091	2322
5092	2322
5093	2322
5094	2322
5095	2322
5096	2323
5097	2324
5098	2324
5099	2325
5100	2326
5101	2326
5102	2327
5103	2327
5104	2327
5105	2327
5106	2327
5107	2328
5108	2328
5109	2329
5110	2330
5111	2330
5112	2330
5113	2331
5114	2331
5115	2331
5116	2331
5117	2331
5118	2332
5119	2333
5120	2334
5121	2334
5122	2335
5123	2335
5124	2335
5125	2335
5126	2336
5127	2337
5128	2337
5129	2337
5130	2337
5131	2338
5132	2338
5133	2338
5134	2339
5135	2339
5136	2340
5137	2340
5138	2340
5139	2341
5140	2342
5141	2342
5142	2342
5143	2342
5144	2342
5145	2342
5146	2342
5147	2342
5148	2343
5149	2344
5150	2344
5151	2344
5152	2344
5153	2344
5154	2344
5155	2344
5156	2344
5157	2344
5158	2344
5159	2345
5160	2345
5161	2346
5162	2346
5163	2346
5164	2346
5165	2346
5166	2347
5167	2347
5168	2348
5169	2348
5170	2348
5171	2348
5172	2348
5173	2349
5174	2349
5175	2349
5176	2349
5177	2349
5178	2349
5179	2349
5180	2349
5181	2349
5182	2349
5183	2349
5184	2349
5185	2349
5186	2349
5187	2349
5188	2349
5189	2350
5190	2350
5191	2351
5192	2351
5193	2351
5194	2352
5195	2352
5196	2352
5197	2352
5198	2352
5199	2353
5200	2353
5201	2353
5202	2353
5203	2353
5204	2353
5205	2353
5206	2353
5207	2353
5208	2354
5209	2354
5210	2354
5211	2354
5212	2354
5213	2355
5214	2355
5215	2355
5216	2355
5217	2355
5218	2355
5219	2355
5220	2355
5221	2355
5222	2356
5223	2356
5224	2356
5225	2356
5226	2356
5227	2356
5228	2357
5229	2358
5230	2358
5231	2358
5232	2359
5233	2359
5234	2359
5235	2360
5236	2361
5237	2361
5238	2361
5239	2361
5240	2361
5241	2361
5242	2362
5243	2363
5244	2364
5245	2364
5246	2365
5247	2365
5248	2366
5249	2366
5250	2366
5251	2367
5252	2367
5253	2367
5254	2367
5255	2368
5256	2369
5257	2369
5258	2369
5259	2370
5260	2370
5261	2370
5262	2371
5263	2372
5264	2373
5265	2373
5266	2373
5267	2373
5268	2373
5269	2374
5270	2374
5271	2374
5272	2374
5273	2374
5274	2374
5275	2375
5276	2376
5277	2376
5278	2376
5279	2377
5280	2377
5281	2378
5282	2378
5283	2379
5284	2379
5285	2379
5286	2379
5287	2379
5288	2379
5289	2379
5290	2379
5291	2380
5292	2380
5293	2381
5294	2381
5295	2381
5296	2382
5297	2382
5298	2382
5299	2382
5300	2382
5301	2383
5302	2384
5303	2385
5304	2385
5305	2386
5306	2387
5307	2388
5308	2388
5309	2388
5310	2388
5311	2388
5312	2388
5313	2388
5314	2388
5315	2388
5316	2388
5317	2388
5318	2388
5319	2388
5320	2388
5321	2388
5322	2388
5323	2388
5324	2388
5325	2388
5326	2388
5327	2388
5328	2388
5329	2388
5330	2388
5331	2388
5332	2388
5333	2388
5334	2388
5335	2389
5336	2389
5337	2389
5338	2389
5339	2389
5340	2389
5341	2389
5342	2390
5343	2391
5344	2391
5345	2391
5346	2391
5347	2391
5348	2392
5349	2392
5350	2392
5351	2392
5352	2392
5353	2392
5354	2392
5355	2392
5356	2392
5357	2392
5358	2392
5359	2392
5360	2392
5361	2392
5362	2392
5363	2392
5364	2392
5365	2392
5366	2392
5367	2393
5368	2393
5369	2393
5370	2393
5371	2393
5372	2393
5373	2394
5374	2394
5375	2394
5376	2394
5377	2394
5378	2394
5379	2394
5380	2394
5381	2394
5382	2395
5383	2396
5384	2397
5385	2397
5386	2398
5387	2398
5388	2398
5389	2398
5390	2399
5391	2399
5392	2399
5393	2400
5394	2400
5395	2400
5396	2400
5397	2400
5398	2400
5399	2400
5400	2401
5401	2401
5402	2401
5403	2401
5404	2401
5405	2401
5406	2401
5407	2402
5408	2403
5409	2403
5410	2404
5411	2404
5412	2405
5413	2406
5414	2407
5415	2408
5416	2408
5417	2409
5418	2410
5419	2410
5420	2411
5421	2411
5422	2411
5423	2412
5424	2412
5425	2412
5426	2412
5427	2412
5428	2412
5429	2412
5430	2413
5431	2414
5432	2414
5433	2415
5434	2415
5435	2415
5436	2415
5437	2416
5438	2416
5439	2417
5440	2417
5441	2418
5442	2419
5443	2420
5444	2420
5445	2420
5446	2420
5447	2420
5448	2420
5449	2420
5450	2421
5451	2422
5452	2422
5453	2423
5454	2423
5455	2424
5456	2424
5457	2424
5458	2425
5459	2426
5460	2427
5461	2428
5462	2428
5463	2429
5464	2430
5465	2430
5466	2431
5467	2431
5468	2431
5469	2432
5470	2433
5471	2433
5472	2433
5473	2434
5474	2434
5475	2435
5476	2435
5477	2435
5478	2435
5479	2435
5480	2436
5481	2436
5482	2437
5483	2438
5484	2438
5485	2438
5486	2439
5487	2439
5488	2439
5489	2439
5490	2439
5491	2439
5492	2439
5493	2440
5494	2440
5495	2441
5496	2441
5497	2442
5498	2443
5499	2443
5500	2443
5501	2444
5502	2444
5503	2445
5504	2445
5505	2445
5506	2445
5507	2445
5508	2445
5509	2445
5510	2445
5511	2445
5512	2445
5513	2446
5514	2446
5515	2446
5516	2446
5517	2446
5518	2446
5519	2447
5520	2448
5521	2448
5522	2448
5523	2448
5524	2449
5525	2449
5526	2449
5527	2450
5528	2450
5529	2451
5530	2451
5531	2451
5532	2451
5533	2451
5534	2452
5535	2452
5536	2452
5537	2453
5538	2453
5539	2454
5540	2454
5541	2454
5542	2455
5543	2455
5544	2455
5545	2455
5546	2455
5547	2455
5548	2455
5549	2456
5550	2456
5551	2457
5552	2458
5553	2459
5554	2459
5555	2459
5556	2459
5557	2459
5558	2460
5559	2460
5560	2460
5561	2460
5562	2460
5563	2460
5564	2460
5565	2460
5566	2460
5567	2461
5568	2462
5569	2463
5570	2463
5571	2463
5572	2464
5573	2464
5574	2464
5575	2464
5576	2465
5577	2465
5578	2466
5579	2467
5580	2468
5581	2468
5582	2468
5583	2469
5584	2470
5585	2470
5586	2470
5587	2471
5588	2472
5589	2472
5590	2472
5591	2473
5592	2473
5593	2473
5594	2473
5595	2474
5596	2474
5597	2474
5598	2475
5599	2475
5600	2475
5601	2476
5602	2477
5603	2477
5604	2477
5605	2477
5606	2477
5607	2477
5608	2477
5609	2478
5610	2478
5611	2478
5612	2478
5613	2478
5614	2478
5615	2479
5616	2480
5617	2480
5618	2480
5619	2480
5620	2480
5621	2480
5622	2481
5623	2481
5624	2481
5625	2481
5626	2482
5627	2482
5628	2482
5629	2482
5630	2482
5631	2483
5632	2484
5633	2485
5634	2485
5635	2486
5636	2487
5637	2488
5638	2488
5639	2489
5640	2490
5641	2490
5642	2490
5643	2490
5644	2490
5645	2491
5646	2491
5647	2491
5648	2491
5649	2492
5650	2492
5651	2492
5652	2492
5653	2492
5654	2493
5655	2493
5656	2494
5657	2494
5658	2495
5659	2495
5660	2495
5661	2495
5662	2495
5663	2496
5664	2496
5665	2496
5666	2496
5667	2497
5668	2497
5669	2497
5670	2497
5671	2497
5672	2497
5673	2497
5674	2498
5675	2498
5676	2498
5677	2498
5678	2498
5679	2498
5680	2498
5681	2498
5682	2499
5683	2499
5684	2500
5685	2501
5686	2502
5687	2502
5688	2502
5689	2502
5690	2503
5691	2504
5692	2504
5693	2504
5694	2504
5695	2505
5696	2505
5697	2505
5698	2505
5699	2505
5700	2505
5701	2506
5702	2506
5703	2507
5704	2507
5705	2507
5706	2508
5707	2508
5708	2508
5709	2508
5710	2508
5711	2508
5712	2509
5713	2509
5714	2509
5715	2509
5716	2509
5717	2509
5718	2510
5719	2510
5720	2510
5721	2510
5722	2511
5723	2511
5724	2511
5725	2511
5726	2511
5727	2511
5728	2511
5729	2511
5730	2511
5731	2511
5732	2511
5733	2512
5734	2512
5735	2512
5736	2512
5737	2512
5738	2512
5739	2512
5740	2513
5741	2514
5742	2514
5743	2514
5744	2514
5745	2514
5746	2515
5747	2516
5748	2517
5749	2517
5750	2517
5751	2517
5752	2518
5753	2519
5754	2520
5755	2521
5756	2521
5757	2522
5758	2522
5759	2522
5760	2522
5761	2522
5762	2523
5763	2523
5764	2523
5765	2523
5766	2523
5767	2523
5768	2523
5769	2523
5770	2523
5771	2523
5772	2524
5773	2524
5774	2524
5775	2525
5776	2525
5777	2525
5778	2525
5779	2526
5780	2527
5781	2527
5782	2528
5783	2529
5784	2529
5785	2530
5786	2530
5787	2530
5788	2530
5789	2530
5790	2530
5791	2530
5792	2530
5793	2530
5794	2530
5795	2530
5796	2530
5797	2530
5798	2531
5799	2532
5800	2533
5801	2534
5802	2535
5803	2535
5804	2536
5805	2537
5806	2537
5807	2537
5808	2537
5809	2538
5810	2538
5811	2538
5812	2538
5813	2538
5814	2538
5815	2538
5816	2539
5817	2540
5818	2541
5819	2541
5820	2541
5821	2542
5822	2542
5823	2542
5824	2543
5825	2543
5826	2543
5827	2544
5828	2544
5829	2545
5830	2545
5831	2545
5832	2545
5833	2545
5834	2545
5835	2546
5836	2547
5837	2547
5838	2547
5839	2547
5840	2547
5841	2547
5842	2547
5843	2547
5844	2547
5845	2547
5846	2548
5847	2548
5848	2549
5849	2549
5850	2549
5851	2549
5852	2549
5853	2550
5854	2551
5855	2551
5856	2552
5857	2552
5858	2552
5859	2552
5860	2552
5861	2552
5862	2553
5863	2553
5864	2553
5865	2554
5866	2554
5867	2554
5868	2554
5869	2554
5870	2554
5871	2554
5872	2554
5873	2554
5874	2554
5875	2554
5876	2554
5877	2554
5878	2555
5879	2555
5880	2555
5881	2555
5882	2555
5883	2555
5884	2556
5885	2557
5886	2558
5887	2558
5888	2558
5889	2558
5890	2559
5891	2560
5892	2561
5893	2562
5894	2562
5895	2562
5896	2562
5897	2562
5898	2562
5899	2562
5900	2563
5901	2563
5902	2563
5903	2563
5904	2564
5905	2565
5906	2566
5907	2566
5908	2566
5909	2567
5910	2567
5911	2567
5912	2567
5913	2567
5914	2567
5915	2567
5916	2567
5917	2567
5918	2567
5919	2567
5920	2567
5921	2567
5922	2567
5923	2567
5924	2567
5925	2567
5926	2567
5927	2567
5928	2567
5929	2567
5930	2567
5931	2567
5932	2567
5933	2567
5934	2567
5935	2567
5936	2567
5937	2567
5938	2568
5939	2569
5940	2569
5941	2569
5942	2569
5943	2570
5944	2570
5945	2570
5946	2571
5947	2571
5948	2571
5949	2571
5950	2571
5951	2571
5952	2572
5953	2573
5954	2573
5955	2573
5956	2574
5957	2574
5958	2574
5959	2575
5960	2576
5961	2576
5962	2576
5963	2576
5964	2576
5965	2577
5966	2577
5967	2578
5968	2578
5969	2578
5970	2578
5971	2579
5972	2579
5973	2579
5974	2579
5975	2579
5976	2579
5977	2580
5978	2580
5979	2581
5980	2581
5981	2581
5982	2581
5983	2581
5984	2581
5985	2581
5986	2581
5987	2582
5988	2582
5989	2582
5990	2582
5991	2582
5992	2582
5993	2582
5994	2582
5995	2582
5996	2583
5997	2583
5998	2583
5999	2583
6000	2584
6001	2584
6002	2584
6003	2584
6004	2584
6005	2584
6006	2585
6007	2585
6008	2586
6009	2586
6010	2586
6011	2587
6012	2588
6013	2589
6014	2589
6015	2590
6016	2590
6017	2590
6018	2591
6019	2591
6020	2591
6021	2591
6022	2591
6023	2591
6024	2591
6025	2591
6026	2591
6027	2592
6028	2592
6029	2592
6030	2593
6031	2594
6032	2595
6033	2595
6034	2595
6035	2595
6036	2595
6037	2596
6038	2597
6039	2598
6040	2598
6041	2598
6042	2598
6043	2598
6044	2598
6045	2598
6046	2599
6047	2599
6048	2600
6049	2601
6050	2602
6051	2603
6052	2603
6053	2604
6054	2604
6055	2605
6056	2605
6057	2605
6058	2606
6059	2607
6060	2607
6061	2607
6062	2607
6063	2607
6064	2608
6065	2609
6066	2609
6067	2609
6068	2609
6069	2609
6070	2609
6071	2609
6072	2610
6073	2611
6074	2611
6075	2611
6076	2611
6077	2612
6078	2613
6079	2613
6080	2614
6081	2614
6082	2614
6083	2615
6084	2615
6085	2615
6086	2615
6087	2615
6088	2615
6089	2615
6090	2615
6091	2615
6092	2615
6093	2615
6094	2615
6095	2615
6096	2615
6097	2615
6098	2615
6099	2616
6100	2617
6101	2617
6102	2618
6103	2619
6104	2619
6105	2619
6106	2620
6107	2621
6108	2621
6109	2622
6110	2622
6111	2622
6112	2623
6113	2623
6114	2623
6115	2623
6116	2623
6117	2623
6118	2624
6119	2625
6120	2625
6121	2625
6122	2625
6123	2625
6124	2626
6125	2626
6126	2626
6127	2626
6128	2626
6129	2626
6130	2627
6131	2627
6132	2628
6133	2628
6134	2629
6135	2629
6136	2629
6137	2630
6138	2630
6139	2630
6140	2630
6141	2630
6142	2630
6143	2631
6144	2632
6145	2632
6146	2632
6147	2632
6148	2632
6149	2633
6150	2633
6151	2634
6152	2635
6153	2635
6154	2635
6155	2635
6156	2635
6157	2636
6158	2637
6159	2637
6160	2637
6161	2638
6162	2639
6163	2639
6164	2639
6165	2640
6166	2640
6167	2641
6168	2642
6169	2643
6170	2643
6171	2644
6172	2645
6173	2645
6174	2645
6175	2646
6176	2647
6177	2648
6178	2648
6179	2648
6180	2648
6181	2648
6182	2648
6183	2648
6184	2649
6185	2650
6186	2650
6187	2651
6188	2651
6189	2652
6190	2653
6191	2653
6192	2653
6193	2653
6194	2653
6195	2654
6196	2654
6197	2654
6198	2655
6199	2655
6200	2656
6201	2657
6202	2657
6203	2657
6204	2657
6205	2657
6206	2657
6207	2658
6208	2658
6209	2658
6210	2658
6211	2659
6212	2659
6213	2659
6214	2659
6215	2659
6216	2660
6217	2660
6218	2660
6219	2661
6220	2661
6221	2661
6222	2661
6223	2661
6224	2661
6225	2662
6226	2662
6227	2662
6228	2663
6229	2663
6230	2663
6231	2663
6232	2664
6233	2664
6234	2664
6235	2664
6236	2664
6237	2664
6238	2665
6239	2666
6240	2666
6241	2666
6242	2666
6243	2667
6244	2668
6245	2668
6246	2668
6247	2668
6248	2668
6249	2668
6250	2669
6251	2670
6252	2670
6253	2671
6254	2671
6255	2672
6256	2672
6257	2672
6258	2672
6259	2672
6260	2673
6261	2674
6262	2674
6263	2674
6264	2674
6265	2674
6266	2674
6267	2674
6268	2674
6269	2675
6270	2676
6271	2676
6272	2677
6273	2677
6274	2677
6275	2677
6276	2678
6277	2678
6278	2679
6279	2679
6280	2680
6281	2680
6282	2680
6283	2680
6284	2680
6285	2680
6286	2680
6287	2681
6288	2681
6289	2681
6290	2681
6291	2682
6292	2682
6293	2682
6294	2682
6295	2682
6296	2683
6297	2684
6298	2685
6299	2685
6300	2685
6301	2685
6302	2686
6303	2686
6304	2686
6305	2687
6306	2687
6307	2688
6308	2689
6309	2690
6310	2691
6311	2692
6312	2692
6313	2693
6314	2694
6315	2694
6316	2694
6317	2694
6318	2695
6319	2696
6320	2696
6321	2696
6322	2697
6323	2697
6324	2698
6325	2698
6326	2698
6327	2699
6328	2699
6329	2699
6330	2699
6331	2699
6332	2699
6333	2699
6334	2700
6335	2701
6336	2701
6337	2701
6338	2702
6339	2703
6340	2703
6341	2703
6342	2704
6343	2705
6344	2706
6345	2707
6346	2707
6347	2707
6348	2708
6349	2708
6350	2708
6351	2709
6352	2709
6353	2709
6354	2710
6355	2711
6356	2711
6357	2712
6358	2712
6359	2712
6360	2712
6361	2712
6362	2713
6363	2714
6364	2714
6365	2715
6366	2716
6367	2716
6368	2716
6369	2717
6370	2718
6371	2718
6372	2718
6373	2719
6374	2719
6375	2720
6376	2720
6377	2720
6378	2720
6379	2721
6380	2722
6381	2723
6382	2724
6383	2725
6384	2725
6385	2725
6386	2726
6387	2727
6388	2728
6389	2728
6390	2728
6391	2728
6392	2728
6393	2728
6394	2728
6395	2728
6396	2728
6397	2729
6398	2730
6399	2731
6400	2732
6401	2733
6402	2734
6403	2734
6404	2734
6405	2735
6406	2736
6407	2737
6408	2737
6409	2737
6410	2737
6411	2737
6412	2738
6413	2738
6414	2739
6415	2739
6416	2739
6417	2739
6418	2739
6419	2740
6420	2740
6421	2741
6422	2742
6423	2742
6424	2743
6425	2743
6426	2743
6427	2743
6428	2743
6429	2743
6430	2744
6431	2744
6432	2744
6433	2744
6434	2744
6435	2744
6436	2744
6437	2744
6438	2745
6439	2745
6440	2745
6441	2746
6442	2747
6443	2747
6444	2747
6445	2748
6446	2749
6447	2750
6448	2751
6449	2752
6450	2753
6451	2754
6452	2754
6453	2754
6454	2754
6455	2754
6456	2754
6457	2754
6458	2754
6459	2754
6460	2754
6461	2754
6462	2755
6463	2756
6464	2756
6465	2756
6466	2756
6467	2756
6468	2756
6469	2756
6470	2757
6471	2758
6472	2758
6473	2759
6474	2760
6475	2760
6476	2761
6477	2761
6478	2761
6479	2761
6480	2762
6481	2762
6482	2763
6483	2763
6484	2763
6485	2764
6486	2764
6487	2765
6488	2765
6489	2766
6490	2766
6491	2766
6492	2766
6493	2766
6494	2766
6495	2766
6496	2767
6497	2768
6498	2768
6499	2768
6500	2769
6501	2769
6502	2769
6503	2769
6504	2769
6505	2769
6506	2770
6507	2770
6508	2770
6509	2770
6510	2771
6511	2771
6512	2771
6513	2771
6514	2771
6515	2771
6516	2771
6517	2771
6518	2771
6519	2771
6520	2771
6521	2771
6522	2771
6523	2772
6524	2772
6525	2773
6526	2773
6527	2773
6528	2774
6529	2775
6530	2776
6531	2777
6532	2778
6533	2779
6534	2780
6535	2780
6536	2780
6537	2780
6538	2781
6539	2781
6540	2781
6541	2781
6542	2781
6543	2781
6544	2781
6545	2781
6546	2782
6547	2782
6548	2782
6549	2782
6550	2782
6551	2782
6552	2782
6553	2782
6554	2782
6555	2782
6556	2782
6557	2783
6558	2784
6559	2785
6560	2786
6561	2787
6562	2788
6563	2789
6564	2789
6565	2789
6566	2789
6567	2790
6568	2790
6569	2791
6570	2792
6571	2793
6572	2794
6573	2794
6574	2795
6575	2795
6576	2795
6577	2795
6578	2796
6579	2796
6580	2797
6581	2797
6582	2797
6583	2797
6584	2798
6585	2798
6586	2799
6587	2800
6588	2800
6589	2800
6590	2801
6591	2802
6592	2802
6593	2802
6594	2803
6595	2804
6596	2804
6597	2804
6598	2805
6599	2805
6600	2806
6601	2806
6602	2807
6603	2807
6604	2808
6605	2808
6606	2809
6607	2809
6608	2809
6609	2809
6610	2810
6611	2811
6612	2812
6613	2813
6614	2813
6615	2814
6616	2815
6617	2815
6618	2815
6619	2816
6620	2817
6621	2818
6622	2818
6623	2819
6624	2819
6625	2819
6626	2820
6627	2820
6628	2821
6629	2822
6630	2823
6631	2823
6632	2824
6633	2825
6634	2826
6635	2827
6636	2828
6637	2828
6638	2829
6639	2829
6640	2830
6641	2831
6642	2832
6643	2832
6644	2833
6645	2834
6646	2835
6647	2835
6648	2835
6649	2836
6650	2837
6651	2838
6652	2839
6653	2840
6654	2840
6655	2841
6656	2841
6657	2841
6658	2842
6659	2842
6660	2842
6661	2842
6662	2843
6663	2843
6664	2843
6665	2844
6666	2845
6667	2846
6668	2847
6669	2847
6670	2848
6671	2848
6672	2848
6673	2849
6674	2850
6675	2850
6676	2850
6677	2850
6678	2851
6679	2851
6680	2852
6681	2853
6682	2853
6683	2854
6684	2854
6685	2855
6686	2855
6687	2856
6688	2856
6689	2857
6690	2858
6691	2858
6692	2858
6693	2859
6694	2859
6695	2859
6696	2859
6697	2860
6698	2860
6699	2861
6700	2862
6701	2863
6702	2863
6703	2864
