N	V
0	1
1	2
2	3
3	4
4	5
5	6
6	7
7	8
8	9
9	10
10	11
11	12
12	13
13	14
14	15
15	15
16	16
17	17
18	18
19	19
20	20
21	21
22	22
23	23
24	24
25	25
26	25
27	26
28	27
29	28
30	29
31	30
32	31
33	32
34	33
35	34
36	35
37	36
38	37
39	38
40	39
41	40
42	41
43	41
44	42
45	43
46	44
47	45
48	46
49	47
50	48
51	49
52	50
53	50
54	51
55	52
56	52
57	53
58	54
59	55
60	56
61	57
62	58
63	59
64	60
65	60
66	61
67	62
68	63
69	64
70	64
71	65
72	66
73	67
74	68
75	69
76	70
77	71
78	72
79	73
80	74
81	74
82	75
83	76
84	77
85	78
86	79
87	80
88	81
89	82
90	82
91	82
92	83
93	84
94	85
95	86
96	87
97	88
98	89
99	90
100	91
101	92
102	92
103	93
104	93
105	94
106	95
107	95
108	96
109	97
110	98
111	99
112	99
113	100
114	101
115	102
116	103
117	104
118	105
119	105
120	106
121	107
122	108
123	109
124	110
125	111
126	112
127	113
128	113
129	114
130	115
131	116
132	117
133	117
134	117
135	117
136	118
137	119
138	120
139	120
140	120
141	121
142	122
143	123
144	124
145	124
146	125
147	126
148	126
149	127
150	128
151	129
152	130
153	131
154	132
155	133
156	134
157	135
158	135
159	136
160	137
161	138
162	139
163	140
164	140
165	140
166	141
167	142
168	143
169	144
170	144
171	145
172	145
173	145
174	146
175	146
176	147
177	148
178	149
179	149
180	149
181	149
182	149
183	150
184	151
185	152
186	153
187	154
188	155
189	156
190	157
191	157
192	157
193	158
194	159
195	160
196	161
197	162
198	163
199	164
200	165
201	166
202	166
203	167
204	168
205	169
206	170
207	171
208	172
209	172
210	172
211	173
212	173
213	174
214	175
215	175
216	176
217	176
218	177
219	178
220	178
221	179
222	179
223	180
224	181
225	182
226	183
227	183
228	183
229	183
230	183
231	184
232	185
233	186
234	187
235	187
236	188
237	189
238	190
239	190
240	190
241	191
242	192
243	192
244	192
245	193
246	193
247	193
248	193
249	194
250	195
251	196
252	197
253	198
254	199
255	199
256	199
257	200
258	201
259	201
260	201
261	202
262	203
263	204
264	205
265	205
266	206
267	207
268	207
269	208
270	209
271	210
272	211
273	212
274	213
275	213
276	213
277	214
278	214
279	215
280	215
281	215
282	215
283	215
284	215
285	215
286	216
287	217
288	217
289	218
290	219
291	219
292	219
293	220
294	221
295	222
296	222
297	223
298	223
299	224
300	225
301	225
302	225
303	226
304	226
305	226
306	226
307	226
308	226
309	226
310	226
311	226
312	226
313	227
314	227
315	227
316	227
317	228
318	229
319	230
320	230
321	230
322	230
323	230
324	230
325	230
326	230
327	230
328	231
329	231
330	232
331	232
332	232
333	232
334	232
335	232
336	232
337	232
338	232
339	232
340	233
341	233
342	233
343	233
344	233
345	233
346	233
347	233
348	233
349	234
350	235
351	236
352	237
353	238
354	238
355	238
356	239
357	239
358	239
359	240
360	241
361	241
362	241
363	241
364	242
365	243
366	244
367	245
368	246
369	246
370	246
371	246
372	246
373	247
374	248
375	249
376	250
377	250
378	251
379	252
380	253
381	253
382	254
383	255
384	256
385	256
386	257
387	257
388	258
389	258
390	259
391	260
392	260
393	261
394	262
395	262
396	263
397	263
398	263
399	264
400	265
401	266
402	267
403	267
404	268
405	269
406	270
407	271
408	272
409	273
410	274
411	275
412	275
413	276
414	277
415	277
416	278
417	279
418	280
419	280
420	281
421	281
422	281
423	282
424	282
425	282
426	283
427	283
428	284
429	284
430	285
431	285
432	286
433	287
434	288
435	289
436	290
437	291
438	292
439	293
440	294
441	295
442	296
443	297
444	298
445	299
446	300
447	301
448	302
449	303
450	303
451	303
452	303
453	304
454	305
455	306
456	307
457	308
458	309
459	309
460	310
461	310
462	310
463	311
464	311
465	311
466	312
467	313
468	314
469	314
470	315
471	315
472	315
473	316
474	317
475	318
476	319
477	320
478	320
479	320
480	321
481	322
482	323
483	324
484	325
485	326
486	326
487	326
488	326
489	327
490	328
491	329
492	330
493	331
494	332
495	332
496	332
497	332
498	333
499	334
500	335
501	335
502	335
503	335
504	335
505	335
506	335
507	336
508	337
509	337
510	338
511	339
512	340
513	341
514	341
515	341
516	341
517	342
518	343
519	344
520	345
521	346
522	347
523	347
524	347
525	348
526	349
527	350
528	351
529	352
530	352
531	352
532	352
533	353
534	354
535	354
536	355
537	356
538	357
539	358
540	359
541	360
542	361
543	362
544	362
545	363
546	363
547	364
548	364
549	364
550	365
551	365
552	366
553	367
554	368
555	369
556	370
557	371
558	371
559	372
560	372
561	372
562	373
563	373
564	373
565	373
566	373
567	373
568	374
569	375
570	376
571	376
572	376
573	376
574	377
575	377
576	377
577	377
578	378
579	379
580	380
581	381
582	382
583	383
584	384
585	384
586	385
587	386
588	387
589	388
590	389
591	390
592	391
593	392
594	392
595	392
596	393
597	394
598	395
599	395
600	396
601	397
602	398
603	398
604	398
605	399
606	399
607	399
608	400
609	401
610	401
611	402
612	402
613	402
614	402
615	403
616	404
617	404
618	405
619	406
620	406
621	406
622	407
623	408
624	408
625	409
626	409
627	410
628	411
629	412
630	412
631	413
632	414
633	415
634	416
635	417
636	418
637	419
638	420
639	421
640	422
641	423
642	423
643	424
644	425
645	426
646	426
647	426
648	427
649	427
650	427
651	428
652	429
653	430
654	430
655	430
656	431
657	431
658	431
659	431
660	432
661	433
662	433
663	434
664	434
665	435
666	436
667	436
668	437
669	438
670	439
671	439
672	440
673	440
674	441
675	442
676	442
677	443
678	443
679	443
680	443
681	443
682	444
683	445
684	445
685	445
686	445
687	445
688	446
689	447
690	447
691	447
692	448
693	449
694	450
695	451
696	452
697	453
698	453
699	454
700	455
701	455
702	456
703	457
704	457
705	458
706	459
707	459
708	460
709	460
710	461
711	462
712	462
713	463
714	464
715	465
716	466
717	467
718	467
719	468
720	468
721	469
722	470
723	471
724	472
725	473
726	473
727	474
728	475
729	476
730	476
731	477
732	478
733	478
734	478
735	478
736	478
737	479
738	480
739	481
740	482
741	483
742	484
743	485
744	486
745	487
746	488
747	488
748	489
749	489
750	489
751	489
752	490
753	491
754	492
755	493
756	493
757	494
758	495
759	496
760	497
761	497
762	497
763	497
764	498
765	498
766	499
767	500
768	501
769	502
770	503
771	503
772	504
773	505
774	506
775	507
776	508
777	509
778	509
779	509
780	510
781	511
782	512
783	513
784	513
785	513
786	514
787	515
788	516
789	516
790	517
791	517
792	518
793	518
794	518
795	519
796	520
797	521
798	522
799	522
800	522
801	522
802	523
803	523
804	523
805	524
806	525
807	525
808	526
809	527
810	528
811	529
812	530
813	531
814	532
815	532
816	532
817	532
818	532
819	533
820	533
821	533
822	534
823	535
824	535
825	535
826	535
827	535
828	535
829	535
830	535
831	535
832	535
833	535
834	535
835	535
836	535
837	535
838	535
839	536
840	537
841	537
842	537
843	537
844	538
845	538
846	538
847	538
848	538
849	538
850	539
851	540
852	541
853	541
854	541
855	541
856	541
857	542
858	542
859	542
860	542
861	543
862	544
863	544
864	545
865	545
866	546
867	546
868	546
869	547
870	547
871	547
872	547
873	547
874	547
875	547
876	547
877	547
878	548
879	548
880	548
881	548
882	549
883	550
884	551
885	552
886	553
887	553
888	554
889	555
890	555
891	556
892	557
893	557
894	558
895	558
896	558
897	558
898	559
899	559
900	560
901	561
902	561
903	561
904	561
905	562
906	562
907	562
908	563
909	564
910	564
911	565
912	565
913	565
914	565
915	566
916	566
917	566
918	567
919	568
920	569
921	569
922	570
923	570
924	570
925	571
926	572
927	573
928	573
929	573
930	573
931	573
932	574
933	575
934	575
935	576
936	576
937	577
938	578
939	579
940	580
941	580
942	581
943	582
944	583
945	584
946	584
947	585
948	586
949	586
950	586
951	586
952	587
953	588
954	589
955	589
956	590
957	591
958	592
959	592
960	593
961	594
962	594
963	595
964	595
965	596
966	596
967	596
968	596
969	596
970	596
971	596
972	597
973	597
974	598
975	598
976	598
977	598
978	599
979	600
980	601
981	602
982	602
983	602
984	603
985	603
986	604
987	605
988	605
989	605
990	606
991	606
992	606
993	607
994	608
995	609
996	610
997	610
998	610
999	611
1000	611
1001	612
1002	612
1003	612
1004	613
1005	613
1006	614
1007	615
1008	616
1009	617
1010	617
1011	617
1012	617
1013	618
1014	618
1015	619
1016	620
1017	621
1018	621
1019	622
1020	623
1021	624
1022	625
1023	626
1024	626
1025	627
1026	628
1027	628
1028	628
1029	629
1030	629
1031	629
1032	630
1033	631
1034	631
1035	632
1036	633
1037	634
1038	634
1039	634
1040	635
1041	636
1042	637
1043	638
1044	639
1045	640
1046	640
1047	641
1048	642
1049	643
1050	643
1051	644
1052	645
1053	646
1054	646
1055	647
1056	647
1057	647
1058	648
1059	649
1060	650
1061	651
1062	651
1063	651
1064	652
1065	652
1066	652
1067	653
1068	654
1069	655
1070	656
1071	657
1072	657
1073	658
1074	659
1075	659
1076	659
1077	660
1078	661
1079	662
1080	662
1081	663
1082	663
1083	663
1084	664
1085	664
1086	665
1087	665
1088	666
1089	667
1090	667
1091	668
1092	669
1093	670
1094	671
1095	671
1096	671
1097	671
1098	672
1099	672
1100	672
1101	673
1102	674
1103	675
1104	676
1105	677
1106	678
1107	679
1108	680
1109	680
1110	680
1111	680
1112	681
1113	681
1114	682
1115	683
1116	683
1117	683
1118	683
1119	683
1120	684
1121	685
1122	685
1123	686
1124	687
1125	687
1126	688
1127	689
1128	689
1129	689
1130	690
1131	690
1132	690
1133	691
1134	691
1135	692
1136	692
1137	693
1138	694
1139	695
1140	696
1141	697
1142	697
1143	698
1144	699
1145	699
1146	699
1147	699
1148	699
1149	700
1150	701
1151	701
1152	701
1153	701
1154	701
1155	701
1156	701
1157	701
1158	702
1159	702
1160	703
1161	704
1162	705
1163	705
1164	705
1165	705
1166	705
1167	705
1168	705
1169	705
1170	705
1171	705
1172	705
1173	706
1174	707
1175	707
1176	708
1177	709
1178	709
1179	710
1180	710
1181	710
1182	711
1183	712
1184	712
1185	712
1186	712
1187	712
1188	712
1189	712
1190	713
1191	714
1192	715
1193	716
1194	716
1195	717
1196	717
1197	718
1198	719
1199	720
1200	721
1201	722
1202	723
1203	724
1204	725
1205	726
1206	727
1207	728
1208	728
1209	728
1210	729
1211	730
1212	731
1213	732
1214	733
1215	734
1216	735
1217	736
1218	737
1219	738
1220	739
1221	739
1222	740
1223	741
1224	741
1225	741
1226	742
1227	742
1228	743
1229	743
1230	744
1231	745
1232	745
1233	746
1234	747
1235	748
1236	749
1237	750
1238	751
1239	752
1240	753
1241	754
1242	755
1243	756
1244	756
1245	757
1246	757
1247	758
1248	759
1249	760
1250	760
1251	760
1252	761
1253	762
1254	763
1255	764
1256	764
1257	765
1258	766
1259	766
1260	766
1261	766
1262	766
1263	766
1264	766
1265	766
1266	767
1267	767
1268	768
1269	769
1270	769
1271	770
1272	771
1273	772
1274	772
1275	773
1276	774
1277	774
1278	775
1279	775
1280	775
1281	775
1282	776
1283	777
1284	777
1285	777
1286	777
1287	778
1288	779
1289	780
1290	781
1291	782
1292	782
1293	783
1294	783
1295	784
1296	785
1297	785
1298	785
1299	785
1300	785
1301	785
1302	785
1303	785
1304	785
1305	785
1306	785
1307	785
1308	786
1309	787
1310	787
1311	787
1312	787
1313	787
1314	787
1315	787
1316	787
1317	787
1318	787
1319	788
1320	789
1321	790
1322	790
1323	791
1324	791
1325	791
1326	791
1327	791
1328	792
1329	792
1330	792
1331	792
1332	792
1333	793
1334	793
1335	794
1336	794
1337	794
1338	795
1339	795
1340	795
1341	796
1342	796
1343	796
1344	796
1345	797
1346	797
1347	797
1348	798
1349	798
1350	799
1351	799
1352	800
1353	801
1354	801
1355	801
1356	801
1357	802
1358	802
1359	802
1360	802
1361	803
1362	803
1363	804
1364	804
1365	805
1366	805
1367	805
1368	806
1369	806
1370	807
1371	807
1372	808
1373	809
1374	809
1375	809
1376	809
1377	809
1378	810
1379	810
1380	810
1381	810
1382	811
1383	812
1384	813
1385	814
1386	815
1387	816
1388	817
1389	818
1390	819
1391	819
1392	820
1393	820
1394	820
1395	820
1396	821
1397	821
1398	822
1399	823
1400	823
1401	823
1402	823
1403	823
1404	823
1405	823
1406	823
1407	824
1408	825
1409	825
1410	825
1411	825
1412	825
1413	826
1414	827
1415	827
1416	827
1417	827
1418	827
1419	828
1420	828
1421	829
1422	829
1423	830
1424	830
1425	830
1426	831
1427	831
1428	831
1429	832
1430	833
1431	834
1432	834
1433	834
1434	834
1435	834
1436	835
1437	836
1438	836
1439	836
1440	837
1441	837
1442	837
1443	837
1444	837
1445	837
1446	837
1447	837
1448	838
1449	838
1450	839
1451	840
1452	840
1453	840
1454	840
1455	841
1456	842
1457	842
1458	842
1459	842
1460	842
1461	843
1462	844
1463	844
1464	845
1465	845
1466	845
1467	845
1468	845
1469	845
1470	845
1471	845
1472	846
1473	846
1474	846
1475	846
1476	846
1477	846
1478	846
1479	846
1480	846
1481	846
1482	846
1483	847
1484	847
1485	847
1486	847
1487	847
1488	848
1489	848
1490	848
1491	849
1492	849
1493	849
1494	850
1495	850
1496	851
1497	852
1498	853
1499	853
1500	853
1501	854
1502	854
1503	854
1504	854
1505	854
1506	855
1507	856
1508	856
1509	856
1510	856
1511	856
1512	857
1513	858
1514	858
1515	858
1516	859
1517	860
1518	861
1519	861
1520	862
1521	862
1522	863
1523	863
1524	864
1525	864
1526	865
1527	865
1528	865
1529	865
1530	866
1531	866
1532	867
1533	867
1534	867
1535	868
1536	869
1537	870
1538	870
1539	870
1540	870
1541	870
1542	871
1543	872
1544	872
1545	873
1546	874
1547	874
1548	875
1549	875
1550	875
1551	876
1552	877
1553	877
1554	877
1555	877
1556	878
1557	879
1558	879
1559	879
1560	879
1561	879
1562	879
1563	880
1564	880
1565	880
1566	880
1567	880
1568	881
1569	882
1570	883
1571	884
1572	884
1573	884
1574	884
1575	884
1576	885
1577	885
1578	886
1579	887
1580	888
1581	889
1582	889
1583	890
1584	890
1585	890
1586	891
1587	891
1588	892
1589	892
1590	892
1591	893
1592	893
1593	893
1594	893
1595	893
1596	893
1597	893
1598	893
1599	893
1600	893
1601	893
1602	893
1603	893
1604	894
1605	894
1606	895
1607	895
1608	896
1609	896
1610	897
1611	898
1612	898
1613	898
1614	899
1615	899
1616	899
1617	900
1618	900
1619	900
1620	900
1621	900
1622	900
1623	900
1624	901
1625	901
1626	902
1627	903
1628	904
1629	904
1630	905
1631	905
1632	905
1633	906
1634	906
1635	907
1636	907
1637	907
1638	907
1639	908
1640	908
1641	909
1642	909
1643	910
1644	910
1645	910
1646	910
1647	911
1648	912
1649	912
1650	913
1651	913
1652	914
1653	915
1654	915
1655	916
1656	916
1657	917
1658	917
1659	918
1660	918
1661	918
1662	918
1663	919
1664	919
1665	919
1666	919
1667	919
1668	919
1669	919
1670	919
1671	920
1672	920
1673	920
1674	920
1675	920
1676	921
1677	922
1678	922
1679	923
1680	923
1681	923
1682	924
1683	924
1684	924
1685	925
1686	926
1687	926
1688	927
1689	927
1690	927
1691	927
1692	928
1693	928
1694	929
1695	929
1696	930
1697	930
1698	930
1699	930
1700	931
1701	931
1702	931
1703	931
1704	931
1705	931
1706	931
1707	932
1708	932
1709	932
1710	932
1711	932
1712	932
1713	932
1714	933
1715	933
1716	933
1717	934
1718	935
1719	936
1720	936
1721	936
1722	936
1723	936
1724	936
1725	936
1726	937
1727	937
1728	938
1729	939
1730	940
1731	941
1732	942
1733	942
1734	942
1735	942
1736	943
1737	944
1738	944
1739	944
1740	944
1741	944
1742	944
1743	944
1744	945
1745	946
1746	946
1747	946
1748	947
1749	947
1750	948
1751	949
1752	949
1753	950
1754	951
1755	952
1756	953
1757	953
1758	953
1759	953
1760	953
1761	953
1762	953
1763	953
1764	953
1765	953
1766	954
1767	955
1768	955
1769	956
1770	956
1771	956
1772	957
1773	958
1774	958
1775	959
1776	959
1777	959
1778	960
1779	960
1780	961
1781	962
1782	963
1783	964
1784	965
1785	966
1786	966
1787	966
1788	967
1789	968
1790	968
1791	968
1792	969
1793	970
1794	971
1795	972
1796	972
1797	973
1798	973
1799	973
1800	974
1801	975
1802	976
1803	976
1804	976
1805	976
1806	976
1807	977
1808	977
1809	977
1810	977
1811	978
1812	979
1813	980
1814	980
1815	981
1816	981
1817	981
1818	981
1819	982
1820	983
1821	983
1822	984
1823	984
1824	984
1825	985
1826	986
1827	986
1828	987
1829	988
1830	989
1831	990
1832	990
1833	990
1834	990
1835	990
1836	990
1837	991
1838	992
1839	992
1840	993
1841	994
1842	995
1843	995
1844	996
1845	996
1846	996
1847	996
1848	997
1849	998
1850	999
1851	999
1852	1000
1853	1000
1854	1001
1855	1001
1856	1001
1857	1002
1858	1003
1859	1003
1860	1003
1861	1003
1862	1003
1863	1004
1864	1004
1865	1004
1866	1004
1867	1005
1868	1005
1869	1005
1870	1005
1871	1005
1872	1006
1873	1006
1874	1007
1875	1008
1876	1009
1877	1009
1878	1009
1879	1009
1880	1010
1881	1011
1882	1011
1883	1011
1884	1011
1885	1012
1886	1012
1887	1013
1888	1014
1889	1014
1890	1015
1891	1016
1892	1017
1893	1017
1894	1018
1895	1018
1896	1019
1897	1020
1898	1020
1899	1020
1900	1021
1901	1021
1902	1021
1903	1022
1904	1022
1905	1023
1906	1023
1907	1023
1908	1023
1909	1024
1910	1024
1911	1024
1912	1024
1913	1024
1914	1024
1915	1025
1916	1025
1917	1025
1918	1025
1919	1026
1920	1027
1921	1028
1922	1029
1923	1029
1924	1029
1925	1030
1926	1030
1927	1031
1928	1031
1929	1032
1930	1032
1931	1032
1932	1032
1933	1033
1934	1034
1935	1034
1936	1034
1937	1035
1938	1035
1939	1035
1940	1035
1941	1036
1942	1036
1943	1036
1944	1036
1945	1037
1946	1038
1947	1039
1948	1039
1949	1040
1950	1040
1951	1040
1952	1040
1953	1040
1954	1040
1955	1040
1956	1040
1957	1041
1958	1042
1959	1043
1960	1043
1961	1043
1962	1044
1963	1044
1964	1045
1965	1046
1966	1046
1967	1046
1968	1047
1969	1048
1970	1048
1971	1049
1972	1049
1973	1049
1974	1049
1975	1049
1976	1050
1977	1050
1978	1050
1979	1051
1980	1051
1981	1052
1982	1052
1983	1053
1984	1053
1985	1054
1986	1054
1987	1055
1988	1055
1989	1056
1990	1057
1991	1058
1992	1058
1993	1059
1994	1059
1995	1059
1996	1059
1997	1060
1998	1060
1999	1061
2000	1061
2001	1061
2002	1061
2003	1061
2004	1061
2005	1061
2006	1061
2007	1061
2008	1061
2009	1061
2010	1061
2011	1062
2012	1063
2013	1064
2014	1064
2015	1065
2016	1066
2017	1067
2018	1068
2019	1069
2020	1069
2021	1070
2022	1071
2023	1072
2024	1072
2025	1072
2026	1073
2027	1074
2028	1074
2029	1075
2030	1076
2031	1076
2032	1076
2033	1077
2034	1078
2035	1079
2036	1080
2037	1081
2038	1082
2039	1083
2040	1083
2041	1084
2042	1084
2043	1084
2044	1084
2045	1085
2046	1086
2047	1086
2048	1086
2049	1086
2050	1087
2051	1088
2052	1088
2053	1088
2054	1088
2055	1088
2056	1089
2057	1089
2058	1089
2059	1089
2060	1089
2061	1090
2062	1091
2063	1092
2064	1092
2065	1092
2066	1092
2067	1093
2068	1094
2069	1095
2070	1096
2071	1097
2072	1098
2073	1099
2074	1100
2075	1101
2076	1102
2077	1102
2078	1103
2079	1104
2080	1104
2081	1105
2082	1106
2083	1106
2084	1106
2085	1106
2086	1106
2087	1106
2088	1106
2089	1107
2090	1108
2091	1108
2092	1108
2093	1108
2094	1108
2095	1108
2096	1108
2097	1109
2098	1110
2099	1111
2100	1112
2101	1112
2102	1112
2103	1112
2104	1112
2105	1112
2106	1112
2107	1112
2108	1112
2109	1112
2110	1112
2111	1112
2112	1113
2113	1113
2114	1113
2115	1114
2116	1115
2117	1116
2118	1116
2119	1116
2120	1117
2121	1117
2122	1117
2123	1117
2124	1117
2125	1117
2126	1117
2127	1118
2128	1119
2129	1119
2130	1120
2131	1120
2132	1120
2133	1120
2134	1120
2135	1120
2136	1120
2137	1120
2138	1121
2139	1122
2140	1122
2141	1122
2142	1122
2143	1122
2144	1123
2145	1123
2146	1124
2147	1124
2148	1125
2149	1126
2150	1126
2151	1127
2152	1127
2153	1128
2154	1128
2155	1129
2156	1130
2157	1130
2158	1131
2159	1131
2160	1131
2161	1131
2162	1131
2163	1131
2164	1132
2165	1132
2166	1132
2167	1132
2168	1132
2169	1133
2170	1133
2171	1134
2172	1134
2173	1134
2174	1135
2175	1136
2176	1136
2177	1137
2178	1137
2179	1137
2180	1137
2181	1137
2182	1137
2183	1137
2184	1137
2185	1137
2186	1138
2187	1138
2188	1138
2189	1138
2190	1138
2191	1138
2192	1138
2193	1138
2194	1138
2195	1139
2196	1139
2197	1139
2198	1139
2199	1140
2200	1140
2201	1140
2202	1141
2203	1141
2204	1141
2205	1141
2206	1142
2207	1143
2208	1143
2209	1144
2210	1145
2211	1145
2212	1146
2213	1147
2214	1147
2215	1148
2216	1148
2217	1148
2218	1148
2219	1148
2220	1148
2221	1148
2222	1148
2223	1149
2224	1150
2225	1150
2226	1150
2227	1151
2228	1151
2229	1151
2230	1151
2231	1151
2232	1152
2233	1153
2234	1153
2235	1154
2236	1154
2237	1155
2238	1155
2239	1155
2240	1155
2241	1156
2242	1157
2243	1157
2244	1158
2245	1159
2246	1159
2247	1160
2248	1160
2249	1160
2250	1161
2251	1161
2252	1161
2253	1161
2254	1162
2255	1163
2256	1163
2257	1163
2258	1164
2259	1165
2260	1165
2261	1165
2262	1166
2263	1167
2264	1168
2265	1169
2266	1170
2267	1171
2268	1171
2269	1172
2270	1172
2271	1172
2272	1173
2273	1173
2274	1173
2275	1173
2276	1173
2277	1174
2278	1174
2279	1174
2280	1174
2281	1174
2282	1174
2283	1174
2284	1175
2285	1176
2286	1177
2287	1178
2288	1178
2289	1178
2290	1178
2291	1179
2292	1180
2293	1180
2294	1180
2295	1181
2296	1182
2297	1183
2298	1184
2299	1185
2300	1186
2301	1186
2302	1186
2303	1186
2304	1186
2305	1187
2306	1187
2307	1187
2308	1187
2309	1188
2310	1188
2311	1188
2312	1189
2313	1190
2314	1190
2315	1191
2316	1192
2317	1193
2318	1193
2319	1193
2320	1193
2321	1193
2322	1193
2323	1193
2324	1193
2325	1193
2326	1193
2327	1193
2328	1194
2329	1194
2330	1195
2331	1196
2332	1196
2333	1197
2334	1198
2335	1198
2336	1198
2337	1198
2338	1199
2339	1200
2340	1200
2341	1200
2342	1200
2343	1200
2344	1200
2345	1200
2346	1200
2347	1200
2348	1200
2349	1200
2350	1200
2351	1201
2352	1201
2353	1201
2354	1202
2355	1203
2356	1203
2357	1203
2358	1204
2359	1204
2360	1205
2361	1205
2362	1205
2363	1205
2364	1206
2365	1207
2366	1208
2367	1208
2368	1208
2369	1209
2370	1210
2371	1210
2372	1210
2373	1211
2374	1211
2375	1211
2376	1212
2377	1212
2378	1212
2379	1213
2380	1214
2381	1215
2382	1215
2383	1215
2384	1215
2385	1215
2386	1215
2387	1216
2388	1217
2389	1217
2390	1218
2391	1218
2392	1219
2393	1220
2394	1220
2395	1221
2396	1222
2397	1222
2398	1222
2399	1222
2400	1222
2401	1222
2402	1223
2403	1223
2404	1223
2405	1224
2406	1224
2407	1224
2408	1224
2409	1224
2410	1225
2411	1225
2412	1226
2413	1227
2414	1227
2415	1227
2416	1227
2417	1228
2418	1228
2419	1228
2420	1228
2421	1228
2422	1229
2423	1229
2424	1230
2425	1231
2426	1231
2427	1231
2428	1231
2429	1231
2430	1231
2431	1232
2432	1232
2433	1233
2434	1234
2435	1235
2436	1236
2437	1237
2438	1238
2439	1239
2440	1240
2441	1241
2442	1242
2443	1242
2444	1242
2445	1243
2446	1243
2447	1243
2448	1243
2449	1243
2450	1244
2451	1244
2452	1244
2453	1244
2454	1244
2455	1244
2456	1245
2457	1245
2458	1246
2459	1246
2460	1246
2461	1246
2462	1247
2463	1248
2464	1248
2465	1248
2466	1248
2467	1248
2468	1249
2469	1249
2470	1249
2471	1249
2472	1249
2473	1249
2474	1250
2475	1250
2476	1250
2477	1250
2478	1251
2479	1252
2480	1253
2481	1253
2482	1254
2483	1254
2484	1255
2485	1256
2486	1257
2487	1258
2488	1259
2489	1260
2490	1260
2491	1260
2492	1260
2493	1261
2494	1261
2495	1261
2496	1262
2497	1262
2498	1262
2499	1262
2500	1262
2501	1263
2502	1264
2503	1264
2504	1265
2505	1265
2506	1265
2507	1266
2508	1266
2509	1267
2510	1267
2511	1267
2512	1268
2513	1269
2514	1269
2515	1269
2516	1270
2517	1270
2518	1271
2519	1272
2520	1272
2521	1272
2522	1273
2523	1273
2524	1273
2525	1273
2526	1273
2527	1273
2528	1273
2529	1273
2530	1273
2531	1273
2532	1273
2533	1273
2534	1273
2535	1273
2536	1274
2537	1275
2538	1276
2539	1276
2540	1276
2541	1277
2542	1277
2543	1278
2544	1278
2545	1278
2546	1278
2547	1279
2548	1280
2549	1281
2550	1281
2551	1281
2552	1281
2553	1282
2554	1282
2555	1283
2556	1284
2557	1284
2558	1285
2559	1285
2560	1286
2561	1287
2562	1287
2563	1287
2564	1287
2565	1287
2566	1287
2567	1288
2568	1289
2569	1289
2570	1289
2571	1289
2572	1289
2573	1289
2574	1289
2575	1290
2576	1290
2577	1290
2578	1290
2579	1290
2580	1291
2581	1292
2582	1293
2583	1293
2584	1293
2585	1293
2586	1293
2587	1294
2588	1295
2589	1295
2590	1295
2591	1295
2592	1295
2593	1295
2594	1295
2595	1296
2596	1296
2597	1296
2598	1297
2599	1297
2600	1298
2601	1299
2602	1299
2603	1299
2604	1299
2605	1299
2606	1299
2607	1300
2608	1300
2609	1301
2610	1301
2611	1302
2612	1302
2613	1302
2614	1302
2615	1303
2616	1303
2617	1303
2618	1303
2619	1303
2620	1303
2621	1303
2622	1304
2623	1304
2624	1304
2625	1304
2626	1304
2627	1304
2628	1304
2629	1305
2630	1305
2631	1305
2632	1306
2633	1306
2634	1306
2635	1307
2636	1308
2637	1309
2638	1309
2639	1309
2640	1309
2641	1310
2642	1311
2643	1312
2644	1312
2645	1312
2646	1312
2647	1312
2648	1312
2649	1312
2650	1313
2651	1314
2652	1315
2653	1316
2654	1316
2655	1316
2656	1317
2657	1318
2658	1319
2659	1319
2660	1320
2661	1321
2662	1322
2663	1323
2664	1324
2665	1325
2666	1326
2667	1326
2668	1327
2669	1327
2670	1327
2671	1327
2672	1327
2673	1327
2674	1328
2675	1328
2676	1328
2677	1328
2678	1328
2679	1329
2680	1329
2681	1329
2682	1330
2683	1331
2684	1331
2685	1332
2686	1333
2687	1333
2688	1333
2689	1333
2690	1333
2691	1333
2692	1333
2693	1333
2694	1334
2695	1335
2696	1335
2697	1335
2698	1336
2699	1337
2700	1337
2701	1337
2702	1338
2703	1339
2704	1340
2705	1341
2706	1341
2707	1342
2708	1343
2709	1343
2710	1344
2711	1344
2712	1344
2713	1345
2714	1345
2715	1345
2716	1346
2717	1347
2718	1348
2719	1348
2720	1349
2721	1349
2722	1349
2723	1349
2724	1350
2725	1350
2726	1350
2727	1351
2728	1352
2729	1353
2730	1354
2731	1354
2732	1355
2733	1355
2734	1355
2735	1355
2736	1356
2737	1357
2738	1357
2739	1357
2740	1357
2741	1357
2742	1357
2743	1357
2744	1358
2745	1359
2746	1360
2747	1360
2748	1360
2749	1360
2750	1360
2751	1360
2752	1361
2753	1362
2754	1362
2755	1362
2756	1362
2757	1363
2758	1364
2759	1365
2760	1365
2761	1366
2762	1367
2763	1368
2764	1368
2765	1369
2766	1369
2767	1369
2768	1369
2769	1370
2770	1370
2771	1371
2772	1371
2773	1372
2774	1372
2775	1373
2776	1374
2777	1375
2778	1375
2779	1375
2780	1375
2781	1375
2782	1375
2783	1375
2784	1376
2785	1376
2786	1376
2787	1376
2788	1376
2789	1377
2790	1377
2791	1378
2792	1378
2793	1379
2794	1379
2795	1380
2796	1380
2797	1380
2798	1381
2799	1382
2800	1382
2801	1383
2802	1384
2803	1384
2804	1384
2805	1384
2806	1385
2807	1386
2808	1386
2809	1387
2810	1388
2811	1389
2812	1390
2813	1391
2814	1392
2815	1393
2816	1393
2817	1394
2818	1394
2819	1394
2820	1394
2821	1394
2822	1394
2823	1395
2824	1396
2825	1396
2826	1396
2827	1396
2828	1397
2829	1397
2830	1397
2831	1397
2832	1397
2833	1398
2834	1399
2835	1399
2836	1399
2837	1399
2838	1399
2839	1399
2840	1399
2841	1399
2842	1399
2843	1399
2844	1399
2845	1399
2846	1400
2847	1400
2848	1400
2849	1400
2850	1400
2851	1400
2852	1400
2853	1401
2854	1402
2855	1402
2856	1402
2857	1403
2858	1404
2859	1404
2860	1404
2861	1404
2862	1404
2863	1405
2864	1405
2865	1405
2866	1405
2867	1406
2868	1407
2869	1408
2870	1408
2871	1408
2872	1408
2873	1408
2874	1408
2875	1409
2876	1409
2877	1410
2878	1410
2879	1411
2880	1411
2881	1411
2882	1411
2883	1412
2884	1413
2885	1414
2886	1414
2887	1414
2888	1414
2889	1415
2890	1416
2891	1416
2892	1417
2893	1417
2894	1417
2895	1417
2896	1417
2897	1417
2898	1417
2899	1417
2900	1418
2901	1419
2902	1420
2903	1420
2904	1421
2905	1421
2906	1421
2907	1421
2908	1421
2909	1421
2910	1422
2911	1423
2912	1423
2913	1423
2914	1424
2915	1424
2916	1424
2917	1425
2918	1426
2919	1426
2920	1427
2921	1427
2922	1428
2923	1429
2924	1429
2925	1429
2926	1429
2927	1429
2928	1429
2929	1430
2930	1431
2931	1431
2932	1431
2933	1431
2934	1431
2935	1432
2936	1432
2937	1433
2938	1433
2939	1433
2940	1433
2941	1434
2942	1434
2943	1434
2944	1435
2945	1435
2946	1436
2947	1437
2948	1437
2949	1437
2950	1438
2951	1438
2952	1439
2953	1439
2954	1440
2955	1441
2956	1441
2957	1441
2958	1442
2959	1442
2960	1442
2961	1443
2962	1443
2963	1444
2964	1444
2965	1444
2966	1444
2967	1444
2968	1444
2969	1445
2970	1446
2971	1447
2972	1447
2973	1447
2974	1448
2975	1448
2976	1448
2977	1448
2978	1448
2979	1449
2980	1450
2981	1450
2982	1451
2983	1451
2984	1451
2985	1451
2986	1452
2987	1453
2988	1454
2989	1454
2990	1454
2991	1454
2992	1454
2993	1455
2994	1455
2995	1455
2996	1455
2997	1456
2998	1456
2999	1456
3000	1456
3001	1456
3002	1457
3003	1458
3004	1459
3005	1460
3006	1460
3007	1460
3008	1460
3009	1460
3010	1461
3011	1462
3012	1462
3013	1463
3014	1463
3015	1463
3016	1463
3017	1464
3018	1464
3019	1465
3020	1465
3021	1466
3022	1467
3023	1467
3024	1467
3025	1467
3026	1467
3027	1468
3028	1469
3029	1469
3030	1470
3031	1470
3032	1471
3033	1471
3034	1471
3035	1472
3036	1472
3037	1473
3038	1473
3039	1473
3040	1474
3041	1474
3042	1474
3043	1475
3044	1476
3045	1476
3046	1476
3047	1476
3048	1476
3049	1477
3050	1477
3051	1477
3052	1477
3053	1478
3054	1478
3055	1478
3056	1479
3057	1479
3058	1480
3059	1481
3060	1481
3061	1481
3062	1481
3063	1481
3064	1482
3065	1482
3066	1482
3067	1483
3068	1483
3069	1483
3070	1483
3071	1483
3072	1483
3073	1483
3074	1484
3075	1485
3076	1486
3077	1486
3078	1487
3079	1488
3080	1488
3081	1488
3082	1489
3083	1490
3084	1491
3085	1491
3086	1491
3087	1491
3088	1491
3089	1492
3090	1493
3091	1493
3092	1494
3093	1494
3094	1494
3095	1494
3096	1495
3097	1495
3098	1495
3099	1495
3100	1495
3101	1496
3102	1496
3103	1497
3104	1497
3105	1497
3106	1497
3107	1497
3108	1497
3109	1497
3110	1497
3111	1497
3112	1497
3113	1497
3114	1497
3115	1497
3116	1498
3117	1499
3118	1499
3119	1499
3120	1499
3121	1499
3122	1499
3123	1499
3124	1499
3125	1499
3126	1500
3127	1501
3128	1501
3129	1501
3130	1501
3131	1501
3132	1501
3133	1501
3134	1502
3135	1503
3136	1504
3137	1504
3138	1504
3139	1504
3140	1504
3141	1504
3142	1504
3143	1504
3144	1504
3145	1505
3146	1505
3147	1505
3148	1506
3149	1506
3150	1506
3151	1507
3152	1507
3153	1508
3154	1509
3155	1510
3156	1510
3157	1510
3158	1510
3159	1510
3160	1510
3161	1511
3162	1512
3163	1513
3164	1513
3165	1513
3166	1513
3167	1514
3168	1514
3169	1515
3170	1515
3171	1515
3172	1516
3173	1517
3174	1517
3175	1517
3176	1518
3177	1519
3178	1519
3179	1519
3180	1519
3181	1519
3182	1519
3183	1519
3184	1519
3185	1520
3186	1521
3187	1521
3188	1522
3189	1523
3190	1523
3191	1523
3192	1523
3193	1524
3194	1525
3195	1525
3196	1526
3197	1527
3198	1528
3199	1528
3200	1528
3201	1528
3202	1528
3203	1528
3204	1529
3205	1529
3206	1529
3207	1529
3208	1530
3209	1530
3210	1530
3211	1530
3212	1531
3213	1532
3214	1532
3215	1532
3216	1532
3217	1533
3218	1533
3219	1533
3220	1533
3221	1533
3222	1534
3223	1535
3224	1535
3225	1535
3226	1535
3227	1536
3228	1537
3229	1538
3230	1538
3231	1538
3232	1538
3233	1538
3234	1538
3235	1538
3236	1539
3237	1540
3238	1541
3239	1541
3240	1542
3241	1542
3242	1543
3243	1543
3244	1543
3245	1543
3246	1544
3247	1544
3248	1545
3249	1545
3250	1545
3251	1545
3252	1545
3253	1546
3254	1546
3255	1546
3256	1546
3257	1546
3258	1546
3259	1546
3260	1547
3261	1548
3262	1548
3263	1549
3264	1550
3265	1550
3266	1550
3267	1550
3268	1550
3269	1550
3270	1550
3271	1551
3272	1551
3273	1551
3274	1551
3275	1552
3276	1552
3277	1552
3278	1552
3279	1553
3280	1553
3281	1553
3282	1553
3283	1554
3284	1554
3285	1555
3286	1556
3287	1556
3288	1557
3289	1557
3290	1557
3291	1557
3292	1558
3293	1558
3294	1558
3295	1558
3296	1558
3297	1559
3298	1559
3299	1559
3300	1559
3301	1559
3302	1560
3303	1560
3304	1560
3305	1561
3306	1562
3307	1563
3308	1563
3309	1563
3310	1564
3311	1565
3312	1565
3313	1565
3314	1565
3315	1565
3316	1565
3317	1566
3318	1567
3319	1567
3320	1567
3321	1567
3322	1568
3323	1568
3324	1569
3325	1569
3326	1570
3327	1570
3328	1570
3329	1571
3330	1571
3331	1572
3332	1573
3333	1574
3334	1574
3335	1574
3336	1574
3337	1575
3338	1575
3339	1575
3340	1575
3341	1576
3342	1577
3343	1577
3344	1577
3345	1577
3346	1577
3347	1577
3348	1577
3349	1578
3350	1578
3351	1578
3352	1578
3353	1578
3354	1579
3355	1579
3356	1579
3357	1579
3358	1580
3359	1580
3360	1581
3361	1581
3362	1581
3363	1582
3364	1582
3365	1582
3366	1582
3367	1583
3368	1583
3369	1584
3370	1584
3371	1585
3372	1585
3373	1585
3374	1586
3375	1586
3376	1587
3377	1587
3378	1587
3379	1587
3380	1587
3381	1588
3382	1589
3383	1589
3384	1589
3385	1590
3386	1591
3387	1591
3388	1591
3389	1592
3390	1593
3391	1594
3392	1594
3393	1595
3394	1595
3395	1595
3396	1596
3397	1597
3398	1597
3399	1597
3400	1598
3401	1598
3402	1598
3403	1599
3404	1600
3405	1600
3406	1601
3407	1601
3408	1601
3409	1601
3410	1602
3411	1603
3412	1603
3413	1604
3414	1604
3415	1604
3416	1605
3417	1606
3418	1607
3419	1607
3420	1607
3421	1608
3422	1608
3423	1608
3424	1608
3425	1608
3426	1609
3427	1609
3428	1610
3429	1610
3430	1610
3431	1611
3432	1611
3433	1611
3434	1612
3435	1612
3436	1612
3437	1612
3438	1612
3439	1613
3440	1613
3441	1614
3442	1615
3443	1616
3444	1616
3445	1616
3446	1616
3447	1616
3448	1617
3449	1617
3450	1617
3451	1617
3452	1617
3453	1618
3454	1618
3455	1618
3456	1618
3457	1618
3458	1618
3459	1619
3460	1619
3461	1620
3462	1620
3463	1620
3464	1621
3465	1621
3466	1621
3467	1621
3468	1621
3469	1622
3470	1622
3471	1622
3472	1623
3473	1624
3474	1624
3475	1624
3476	1625
3477	1625
3478	1625
3479	1626
3480	1627
3481	1627
3482	1628
3483	1629
3484	1629
3485	1630
3486	1630
3487	1631
3488	1632
3489	1633
3490	1633
3491	1633
3492	1633
3493	1633
3494	1633
3495	1633
3496	1633
3497	1633
3498	1633
3499	1633
3500	1633
3501	1634
3502	1634
3503	1634
3504	1634
3505	1634
3506	1634
3507	1634
3508	1634
3509	1634
3510	1634
3511	1635
3512	1635
3513	1635
3514	1635
3515	1636
3516	1636
3517	1636
3518	1637
3519	1637
3520	1637
3521	1638
3522	1638
3523	1638
3524	1639
3525	1639
3526	1639
3527	1640
3528	1641
3529	1641
3530	1641
3531	1641
3532	1642
3533	1642
3534	1642
3535	1642
3536	1643
3537	1643
3538	1643
3539	1643
3540	1644
3541	1644
3542	1645
3543	1645
3544	1645
3545	1646
3546	1647
3547	1648
3548	1648
3549	1648
3550	1648
3551	1648
3552	1649
3553	1649
3554	1650
3555	1650
3556	1650
3557	1650
3558	1651
3559	1652
3560	1652
3561	1652
3562	1653
3563	1653
3564	1653
3565	1653
3566	1654
3567	1654
3568	1654
3569	1654
3570	1654
3571	1654
3572	1654
3573	1655
3574	1655
3575	1655
3576	1655
3577	1655
3578	1656
3579	1656
3580	1656
3581	1656
3582	1657
3583	1658
3584	1658
3585	1658
3586	1658
3587	1659
3588	1659
3589	1660
3590	1660
3591	1661
3592	1662
3593	1662
3594	1662
3595	1663
3596	1663
3597	1663
3598	1663
3599	1663
3600	1663
3601	1663
3602	1663
3603	1663
3604	1663
3605	1663
3606	1663
3607	1664
3608	1664
3609	1664
3610	1665
3611	1665
3612	1666
3613	1666
3614	1666
3615	1666
3616	1666
3617	1666
3618	1666
3619	1666
3620	1666
3621	1667
3622	1668
3623	1669
3624	1670
3625	1671
3626	1671
3627	1671
3628	1671
3629	1671
3630	1672
3631	1672
3632	1672
3633	1672
3634	1672
3635	1672
3636	1672
3637	1672
3638	1672
3639	1672
3640	1672
3641	1672
3642	1672
3643	1673
3644	1674
3645	1674
3646	1674
3647	1674
3648	1674
3649	1674
3650	1674
3651	1675
3652	1675
3653	1676
3654	1677
3655	1677
3656	1677
3657	1677
3658	1678
3659	1679
3660	1680
3661	1680
3662	1680
3663	1680
3664	1680
3665	1680
3666	1680
3667	1681
3668	1681
3669	1681
3670	1681
3671	1681
3672	1682
3673	1682
3674	1682
3675	1682
3676	1682
3677	1682
3678	1683
3679	1683
3680	1683
3681	1683
3682	1683
3683	1684
3684	1684
3685	1685
3686	1685
3687	1685
3688	1685
3689	1686
3690	1686
3691	1687
3692	1687
3693	1687
3694	1688
3695	1688
3696	1689
3697	1689
3698	1689
3699	1689
3700	1690
3701	1691
3702	1691
3703	1692
3704	1692
3705	1692
3706	1692
3707	1692
3708	1692
3709	1692
3710	1692
3711	1692
3712	1693
3713	1693
3714	1694
3715	1694
3716	1694
3717	1694
3718	1694
3719	1694
3720	1695
3721	1696
3722	1696
3723	1696
3724	1696
3725	1696
3726	1696
3727	1697
3728	1697
3729	1697
3730	1697
3731	1697
3732	1698
3733	1698
3734	1698
3735	1698
3736	1699
3737	1699
3738	1700
3739	1700
3740	1700
3741	1700
3742	1700
3743	1700
3744	1700
3745	1701
3746	1701
3747	1701
3748	1701
3749	1701
3750	1701
3751	1701
3752	1701
3753	1701
3754	1701
3755	1701
3756	1702
3757	1702
3758	1703
3759	1703
3760	1704
3761	1704
3762	1704
3763	1704
3764	1704
3765	1704
3766	1704
3767	1704
3768	1705
3769	1705
3770	1705
3771	1706
3772	1707
3773	1707
3774	1708
3775	1709
3776	1710
3777	1710
3778	1710
3779	1710
3780	1710
3781	1710
3782	1710
3783	1710
3784	1710
3785	1710
3786	1710
3787	1710
3788	1710
3789	1710
3790	1711
3791	1712
3792	1712
3793	1712
3794	1712
3795	1713
3796	1713
3797	1713
3798	1713
3799	1713
3800	1713
3801	1713
3802	1713
3803	1713
3804	1714
3805	1714
3806	1714
3807	1715
3808	1715
3809	1715
3810	1715
3811	1715
3812	1715
3813	1715
3814	1716
3815	1716
3816	1717
3817	1717
3818	1717
3819	1717
3820	1717
3821	1718
3822	1719
3823	1719
3824	1719
3825	1719
3826	1719
3827	1719
3828	1719
3829	1720
3830	1721
3831	1722
3832	1722
3833	1722
3834	1722
3835	1722
3836	1722
3837	1722
3838	1722
3839	1722
3840	1723
3841	1724
3842	1724
3843	1724
3844	1724
3845	1724
3846	1724
3847	1724
3848	1724
3849	1724
3850	1724
3851	1724
3852	1724
3853	1724
3854	1725
3855	1726
3856	1726
3857	1726
3858	1726
3859	1727
3860	1728
3861	1728
3862	1728
3863	1728
3864	1728
3865	1728
3866	1728
3867	1729
3868	1729
3869	1729
3870	1729
3871	1729
3872	1729
3873	1729
3874	1729
3875	1729
3876	1730
3877	1731
3878	1732
3879	1732
3880	1732
3881	1732
3882	1732
3883	1733
3884	1733
3885	1733
3886	1734
3887	1734
3888	1735
3889	1735
3890	1735
3891	1735
3892	1735
3893	1736
3894	1736
3895	1736
3896	1736
3897	1736
3898	1736
3899	1737
3900	1737
3901	1737
3902	1738
3903	1738
3904	1739
3905	1739
3906	1739
3907	1739
3908	1739
3909	1739
3910	1739
3911	1739
3912	1739
3913	1739
3914	1739
3915	1739
3916	1739
3917	1740
3918	1740
3919	1740
3920	1740
3921	1740
3922	1740
3923	1741
3924	1742
3925	1743
3926	1744
3927	1744
3928	1744
3929	1744
3930	1744
3931	1744
3932	1744
3933	1745
3934	1745
3935	1745
3936	1746
3937	1746
3938	1747
3939	1747
3940	1747
3941	1747
3942	1747
3943	1747
3944	1747
3945	1748
3946	1749
3947	1749
3948	1750
3949	1750
3950	1751
3951	1751
3952	1751
3953	1751
3954	1751
3955	1752
3956	1752
3957	1752
3958	1753
3959	1753
3960	1753
3961	1754
3962	1754
3963	1754
3964	1754
3965	1754
3966	1754
3967	1754
3968	1754
3969	1754
3970	1754
3971	1755
3972	1755
3973	1755
3974	1755
3975	1755
3976	1755
3977	1755
3978	1755
3979	1756
3980	1757
3981	1757
3982	1758
3983	1758
3984	1758
3985	1758
3986	1758
3987	1758
3988	1758
3989	1759
3990	1760
3991	1760
3992	1760
3993	1760
3994	1760
3995	1760
3996	1761
3997	1761
3998	1761
3999	1761
4000	1761
4001	1761
4002	1761
4003	1762
4004	1762
4005	1762
4006	1762
4007	1762
4008	1762
4009	1762
4010	1762
4011	1762
4012	1762
4013	1762
4014	1762
4015	1762
4016	1762
4017	1763
4018	1763
4019	1763
4020	1763
4021	1763
4022	1763
4023	1763
4024	1763
4025	1763
4026	1763
4027	1763
4028	1764
4029	1764
4030	1764
4031	1764
4032	1764
4033	1765
4034	1765
4035	1765
4036	1765
4037	1765
4038	1765
4039	1765
4040	1765
4041	1765
4042	1765
4043	1765
4044	1766
4045	1767
4046	1767
4047	1768
4048	1769
4049	1770
4050	1770
4051	1770
4052	1771
4053	1771
4054	1771
4055	1771
4056	1771
4057	1771
4058	1771
4059	1771
4060	1771
4061	1771
4062	1771
4063	1772
4064	1773
4065	1773
4066	1773
4067	1773
4068	1773
4069	1773
4070	1773
4071	1773
4072	1774
4073	1775
4074	1775
4075	1775
4076	1775
4077	1775
4078	1776
4079	1776
4080	1777
4081	1778
4082	1779
4083	1779
4084	1779
4085	1780
4086	1780
4087	1781
4088	1781
4089	1781
4090	1781
4091	1781
4092	1782
4093	1782
4094	1783
4095	1784
4096	1784
4097	1784
4098	1785
4099	1785
4100	1785
4101	1785
4102	1785
4103	1786
4104	1786
4105	1786
4106	1786
4107	1786
4108	1786
4109	1786
4110	1786
4111	1786
4112	1786
4113	1787
4114	1788
4115	1789
4116	1789
4117	1789
4118	1790
4119	1791
4120	1792
4121	1793
4122	1793
4123	1793
4124	1793
4125	1794
4126	1795
4127	1796
4128	1796
4129	1797
4130	1797
4131	1797
4132	1798
4133	1798
4134	1799
4135	1799
4136	1800
4137	1800
4138	1800
4139	1800
4140	1800
4141	1800
4142	1800
4143	1800
4144	1800
4145	1800
4146	1800
4147	1801
4148	1801
4149	1801
4150	1801
4151	1801
4152	1801
4153	1801
4154	1802
4155	1803
4156	1804
4157	1805
4158	1806
4159	1807
4160	1808
4161	1808
4162	1808
4163	1808
4164	1809
4165	1809
4166	1810
4167	1811
4168	1811
4169	1811
4170	1812
4171	1812
4172	1813
4173	1813
4174	1813
4175	1814
4176	1814
4177	1815
4178	1816
4179	1816
4180	1817
4181	1817
4182	1818
4183	1818
4184	1818
4185	1818
4186	1818
4187	1818
4188	1818
4189	1818
4190	1819
4191	1819
4192	1819
4193	1819
4194	1819
4195	1819
4196	1819
4197	1819
4198	1820
4199	1820
4200	1820
4201	1820
4202	1820
4203	1820
4204	1821
4205	1821
4206	1822
4207	1822
4208	1823
4209	1823
4210	1823
4211	1823
4212	1823
4213	1823
4214	1823
4215	1823
4216	1824
4217	1824
4218	1824
4219	1824
4220	1825
4221	1826
4222	1826
4223	1826
4224	1826
4225	1826
4226	1827
4227	1827
4228	1827
4229	1827
4230	1828
4231	1829
4232	1829
4233	1829
4234	1829
4235	1829
4236	1830
4237	1830
4238	1830
4239	1830
4240	1831
4241	1831
4242	1831
4243	1831
4244	1832
4245	1832
4246	1832
4247	1832
4248	1832
4249	1832
4250	1832
4251	1832
4252	1833
4253	1834
4254	1834
4255	1835
4256	1835
4257	1835
4258	1835
4259	1836
4260	1836
4261	1836
4262	1837
4263	1837
4264	1838
4265	1838
4266	1839
4267	1839
4268	1840
4269	1840
4270	1841
4271	1842
4272	1843
4273	1843
4274	1844
4275	1845
4276	1846
4277	1847
4278	1847
4279	1848
4280	1849
4281	1850
4282	1850
4283	1850
4284	1850
4285	1851
4286	1851
4287	1851
4288	1852
4289	1852
4290	1853
4291	1853
4292	1853
4293	1853
4294	1854
4295	1854
4296	1854
4297	1855
4298	1856
4299	1856
4300	1856
4301	1856
4302	1856
4303	1857
4304	1857
4305	1857
4306	1857
4307	1858
4308	1859
4309	1860
4310	1861
4311	1861
4312	1861
4313	1861
4314	1862
4315	1862
4316	1862
4317	1863
4318	1863
4319	1863
4320	1863
4321	1863
4322	1863
4323	1863
4324	1863
4325	1863
4326	1863
4327	1863
4328	1863
4329	1863
4330	1864
4331	1864
4332	1865
4333	1866
4334	1866
4335	1866
4336	1866
4337	1866
4338	1866
4339	1866
4340	1867
4341	1867
4342	1868
4343	1868
4344	1868
4345	1869
4346	1870
4347	1871
4348	1871
4349	1871
4350	1872
4351	1873
4352	1874
4353	1874
4354	1874
4355	1874
4356	1875
4357	1876
4358	1877
4359	1878
4360	1879
4361	1879
4362	1879
4363	1880
4364	1880
4365	1880
4366	1881
4367	1882
4368	1882
4369	1883
4370	1883
4371	1883
4372	1883
4373	1883
4374	1883
4375	1883
4376	1884
4377	1885
4378	1885
4379	1886
4380	1887
4381	1888
4382	1888
4383	1888
4384	1888
4385	1888
4386	1888
4387	1888
4388	1888
4389	1888
4390	1888
4391	1888
4392	1889
4393	1890
4394	1890
4395	1890
4396	1890
4397	1890
4398	1890
4399	1891
4400	1891
4401	1891
4402	1891
4403	1891
4404	1891
4405	1892
4406	1892
4407	1892
4408	1893
4409	1893
4410	1893
4411	1893
4412	1893
4413	1893
4414	1893
4415	1893
4416	1893
4417	1893
4418	1893
4419	1894
4420	1895
4421	1895
4422	1896
4423	1896
4424	1897
4425	1897
4426	1897
4427	1898
4428	1898
4429	1899
4430	1899
4431	1899
4432	1899
4433	1900
4434	1900
4435	1901
4436	1901
4437	1901
4438	1901
4439	1902
4440	1902
4441	1902
4442	1902
4443	1902
4444	1902
4445	1902
4446	1902
4447	1902
4448	1902
4449	1902
4450	1902
4451	1902
4452	1902
4453	1903
4454	1904
4455	1904
4456	1904
4457	1904
4458	1905
4459	1906
4460	1907
4461	1908
4462	1908
4463	1909
4464	1909
4465	1909
4466	1909
4467	1909
4468	1909
4469	1910
4470	1910
4471	1910
4472	1910
4473	1911
4474	1911
4475	1912
4476	1912
4477	1913
4478	1913
4479	1914
4480	1914
4481	1914
4482	1914
4483	1914
4484	1914
4485	1915
4486	1915
4487	1916
4488	1917
4489	1917
4490	1917
4491	1918
4492	1918
4493	1918
4494	1918
4495	1918
4496	1919
4497	1919
4498	1920
4499	1921
4500	1921
4501	1921
4502	1921
4503	1921
4504	1921
4505	1921
4506	1921
4507	1921
4508	1922
4509	1922
4510	1923
4511	1923
4512	1923
4513	1923
4514	1923
4515	1923
4516	1923
4517	1923
4518	1924
4519	1924
4520	1924
4521	1924
4522	1924
4523	1925
4524	1926
4525	1926
4526	1926
4527	1926
4528	1926
4529	1926
4530	1926
4531	1926
4532	1926
4533	1926
4534	1926
4535	1926
4536	1927
4537	1927
4538	1927
4539	1927
4540	1927
4541	1927
4542	1927
4543	1927
4544	1927
4545	1928
4546	1928
4547	1929
4548	1929
4549	1929
4550	1929
4551	1930
4552	1930
4553	1930
4554	1930
4555	1930
4556	1930
4557	1930
4558	1931
4559	1931
4560	1931
4561	1932
4562	1932
4563	1932
4564	1932
4565	1932
4566	1933
4567	1933
4568	1933
4569	1933
4570	1933
4571	1934
4572	1934
4573	1934
4574	1935
4575	1935
4576	1936
4577	1936
4578	1937
4579	1937
4580	1937
4581	1938
4582	1939
4583	1940
4584	1941
4585	1941
4586	1942
4587	1942
4588	1942
4589	1942
4590	1942
4591	1942
4592	1942
4593	1942
4594	1942
4595	1942
4596	1942
4597	1943
4598	1943
4599	1944
4600	1944
4601	1945
4602	1945
4603	1945
4604	1946
4605	1947
4606	1948
4607	1949
4608	1950
4609	1950
4610	1950
4611	1950
4612	1950
4613	1950
4614	1950
4615	1950
4616	1950
4617	1950
4618	1950
4619	1950
4620	1950
4621	1950
4622	1950
4623	1950
4624	1950
4625	1950
4626	1950
4627	1951
4628	1951
4629	1951
4630	1951
4631	1951
4632	1951
4633	1951
4634	1951
4635	1951
4636	1951
4637	1951
4638	1951
4639	1951
4640	1951
4641	1952
4642	1953
4643	1954
4644	1955
4645	1956
4646	1957
4647	1957
4648	1957
4649	1957
4650	1957
4651	1957
4652	1958
4653	1958
4654	1959
4655	1960
4656	1961
4657	1961
4658	1961
4659	1961
4660	1961
4661	1961
4662	1961
4663	1961
4664	1961
4665	1961
4666	1962
4667	1962
4668	1963
4669	1963
4670	1963
4671	1964
4672	1964
4673	1964
4674	1965
4675	1966
4676	1966
4677	1967
4678	1967
4679	1967
4680	1968
4681	1969
4682	1969
4683	1969
4684	1970
4685	1970
4686	1970
4687	1970
4688	1971
4689	1971
4690	1971
4691	1972
4692	1972
4693	1973
4694	1974
4695	1974
4696	1974
4697	1975
4698	1975
4699	1975
4700	1975
4701	1976
4702	1976
4703	1976
4704	1976
4705	1976
4706	1976
4707	1976
4708	1977
4709	1977
4710	1978
4711	1978
4712	1979
4713	1980
4714	1981
4715	1982
4716	1983
4717	1984
4718	1985
4719	1985
4720	1985
4721	1986
4722	1987
4723	1987
4724	1987
4725	1987
4726	1988
4727	1988
4728	1989
4729	1989
4730	1990
4731	1990
4732	1990
4733	1991
4734	1991
4735	1992
4736	1993
4737	1993
4738	1993
4739	1994
4740	1995
4741	1995
4742	1996
4743	1997
4744	1997
4745	1997
4746	1997
4747	1997
4748	1997
4749	1998
4750	1999
4751	1999
4752	2000
4753	2000
4754	2000
4755	2000
4756	2001
4757	2002
4758	2002
4759	2002
4760	2002
4761	2002
4762	2003
4763	2004
4764	2005
4765	2005
4766	2005
4767	2005
4768	2005
4769	2005
4770	2005
4771	2005
4772	2005
4773	2006
4774	2007
4775	2008
4776	2009
4777	2009
4778	2009
4779	2009
4780	2009
4781	2010
4782	2010
4783	2010
4784	2010
4785	2010
4786	2010
4787	2010
4788	2011
4789	2011
4790	2012
4791	2013
4792	2013
4793	2013
4794	2013
4795	2013
4796	2014
4797	2014
4798	2014
4799	2014
4800	2014
4801	2014
4802	2014
4803	2014
4804	2014
4805	2015
4806	2016
4807	2017
4808	2018
4809	2018
4810	2018
4811	2018
4812	2019
4813	2019
4814	2020
4815	2021
4816	2021
4817	2021
4818	2021
4819	2021
4820	2022
4821	2023
4822	2023
4823	2023
4824	2023
4825	2024
4826	2025
4827	2025
4828	2026
4829	2026
4830	2026
4831	2026
4832	2027
4833	2027
4834	2028
4835	2028
4836	2029
4837	2030
4838	2030
4839	2030
4840	2030
4841	2030
4842	2030
4843	2030
4844	2031
4845	2031
4846	2032
4847	2032
4848	2032
4849	2032
4850	2032
4851	2032
4852	2032
4853	2032
4854	2032
4855	2033
4856	2033
4857	2033
4858	2034
4859	2035
4860	2035
4861	2036
4862	2036
4863	2037
4864	2038
4865	2039
4866	2039
4867	2040
4868	2040
4869	2040
4870	2041
4871	2041
4872	2041
4873	2041
4874	2041
4875	2041
4876	2042
4877	2042
4878	2042
4879	2043
4880	2044
4881	2044
4882	2045
4883	2046
4884	2047
4885	2048
4886	2049
4887	2049
4888	2050
4889	2050
4890	2051
4891	2052
4892	2053
4893	2054
4894	2054
4895	2055
4896	2056
4897	2057
4898	2058
4899	2059
4900	2060
4901	2060
4902	2061
4903	2062
4904	2063
4905	2063
4906	2064
4907	2065
4908	2066
4909	2066
4910	2066
4911	2066
4912	2066
4913	2067
4914	2067
4915	2067
4916	2067
4917	2068
4918	2069
4919	2070
4920	2070
4921	2071
4922	2071
4923	2071
4924	2072
4925	2072
4926	2073
4927	2073
4928	2073
4929	2073
4930	2073
4931	2074
4932	2074
4933	2074
4934	2075
4935	2076
4936	2077
4937	2078
4938	2078
4939	2079
4940	2079
4941	2079
4942	2080
4943	2081
4944	2081
4945	2081
4946	2081
4947	2082
4948	2083
4949	2084
4950	2085
4951	2085
4952	2085
4953	2085
4954	2085
4955	2085
4956	2085
4957	2086
4958	2086
4959	2086
4960	2087
4961	2088
4962	2089
4963	2090
4964	2091
4965	2091
4966	2091
