N	V
0	1
1	2
2	3
3	4
4	5
5	6
6	7
7	8
8	9
9	10
10	10
11	11
12	12
13	13
14	14
15	15
16	16
17	16
18	17
19	18
20	19
21	20
22	21
23	22
24	23
25	24
26	24
27	25
28	25
29	26
30	27
31	28
32	29
33	30
34	31
35	32
36	33
37	34
38	35
39	36
40	37
41	37
42	38
43	38
44	39
45	40
46	40
47	41
48	42
49	43
50	44
51	45
52	46
53	47
54	48
55	49
56	50
57	51
58	52
59	53
60	54
61	55
62	55
63	55
64	56
65	56
66	57
67	58
68	59
69	60
70	61
71	62
72	63
73	64
74	65
75	66
76	67
77	68
78	69
79	70
80	71
81	72
82	73
83	74
84	75
85	75
86	75
87	76
88	76
89	77
90	78
91	79
92	80
93	81
94	82
95	83
96	84
97	85
98	86
99	87
100	88
101	89
102	90
103	90
104	90
105	91
106	91
107	92
108	93
109	93
110	94
111	95
112	95
113	95
114	95
115	96
116	96
117	97
118	98
119	99
120	99
121	99
122	100
123	101
124	101
125	101
126	101
127	102
128	103
129	103
130	104
131	104
132	104
133	104
134	104
135	104
136	104
137	105
138	106
139	106
140	106
141	107
142	108
143	109
144	109
145	110
146	110
147	110
148	110
149	111
150	112
151	112
152	113
153	113
154	113
155	113
156	113
157	114
158	115
159	115
160	116
161	116
162	116
163	116
164	116
165	116
166	117
167	118
168	119
169	120
170	121
171	122
172	123
173	124
174	124
175	124
176	124
177	124
178	125
179	126
180	127
181	128
182	129
183	130
184	131
185	132
186	133
187	133
188	134
189	135
190	136
191	137
192	138
193	138
194	138
195	138
196	139
197	140
198	141
199	142
200	143
201	144
202	145
203	146
204	146
205	147
206	148
207	149
208	150
209	151
210	152
211	153
212	154
213	154
214	154
215	154
216	155
217	156
218	157
219	157
220	158
221	159
222	160
223	160
224	161
225	162
226	163
227	164
228	165
229	166
230	167
231	168
232	169
233	170
234	171
235	172
236	173
237	174
238	175
239	175
240	175
241	176
242	176
243	176
244	177
245	178
246	179
247	179
248	180
249	181
250	182
251	183
252	183
253	183
254	184
255	185
256	185
257	185
258	185
259	186
260	186
261	187
262	188
263	189
264	190
265	191
266	191
267	192
268	192
269	193
270	194
271	195
272	195
273	196
274	196
275	197
276	198
277	198
278	199
279	200
280	201
281	202
282	203
283	203
284	204
285	204
286	205
287	205
288	205
289	205
290	205
291	206
292	206
293	206
294	207
295	208
296	209
297	210
298	211
299	211
300	211
301	212
302	212
303	213
304	213
305	213
306	213
307	214
308	215
309	216
310	217
311	218
312	219
313	220
314	220
315	221
316	222
317	223
318	224
319	225
320	225
321	226
322	226
323	227
324	228
325	229
326	229
327	229
328	230
329	231
330	232
331	233
332	234
333	235
334	235
335	235
336	235
337	235
338	235
339	236
340	236
341	237
342	238
343	239
344	239
345	240
346	241
347	241
348	242
349	242
350	243
351	244
352	244
353	244
354	244
355	244
356	245
357	246
358	246
359	246
360	247
361	248
362	248
363	248
364	248
365	248
366	248
367	248
368	249
369	249
370	249
371	250
372	251
373	252
374	252
375	253
376	254
377	255
378	255
379	256
380	256
381	257
382	258
383	258
384	259
385	260
386	260
387	261
388	261
389	262
390	262
391	263
392	264
393	264
394	264
395	264
396	265
397	266
398	267
399	268
400	268
401	269
402	270
403	271
404	272
405	273
406	274
407	274
408	275
409	276
410	276
411	276
412	277
413	277
414	277
415	278
416	279
417	280
418	281
419	281
420	282
421	282
422	282
423	282
424	283
425	284
426	285
427	285
428	286
429	287
430	288
431	288
432	289
433	290
434	290
435	291
436	292
437	293
438	294
439	295
440	295
441	295
442	295
443	296
444	297
445	297
446	297
447	298
448	298
449	298
450	298
451	298
452	299
453	300
454	301
455	302
456	303
457	304
458	304
459	304
460	305
461	306
462	307
463	308
464	308
465	309
466	309
467	310
468	310
469	311
470	311
471	312
472	312
473	312
474	313
475	313
476	314
477	314
478	315
479	315
480	316
481	317
482	318
483	319
484	319
485	319
486	319
487	319
488	319
489	319
490	319
491	320
492	321
493	321
494	321
495	321
496	321
497	322
498	323
499	324
500	325
501	325
502	325
503	325
504	326
505	327
506	327
507	328
508	329
509	330
510	330
511	330
512	330
513	330
514	331
515	331
516	332
517	332
518	332
519	333
520	334
521	335
522	336
523	336
524	337
525	337
526	338
527	339
528	339
529	340
530	341
531	341
532	341
533	341
534	342
535	343
536	344
537	344
538	345
539	346
540	347
541	348
542	349
543	349
544	349
545	350
546	351
547	351
548	351
549	352
550	353
551	354
552	354
553	354
554	355
555	356
556	357
557	358
558	359
559	359
560	359
561	359
562	360
563	360
564	361
565	362
566	362
567	363
568	364
569	365
570	366
571	366
572	366
573	366
574	366
575	367
576	367
577	368
578	369
579	370
580	371
581	371
582	372
583	372
584	373
585	374
586	375
587	376
588	377
589	377
590	377
591	377
592	377
593	377
594	378
595	379
596	380
597	380
598	381
599	382
600	383
601	384
602	385
603	385
604	386
605	387
606	387
607	387
608	388
609	388
610	388
611	388
612	389
613	389
614	390
615	391
616	391
617	391
618	392
619	393
620	394
621	395
622	396
623	396
624	397
625	398
626	398
627	399
628	399
629	400
630	401
631	401
632	401
633	402
634	403
635	404
636	405
637	405
638	405
639	406
640	407
641	408
642	409
643	409
644	409
645	409
646	409
647	410
648	410
649	411
650	411
651	411
652	412
653	412
654	412
655	413
656	413
657	413
658	413
659	413
660	413
661	413
662	413
663	413
664	414
665	415
666	415
667	415
668	415
669	415
670	415
671	416
672	416
673	417
674	418
675	419
676	420
677	421
678	421
679	421
680	421
681	422
682	423
683	424
684	425
685	425
686	426
687	426
688	426
689	427
690	428
691	429
692	429
693	430
694	430
695	431
696	432
697	432
698	432
699	433
700	434
701	435
702	435
703	436
704	436
705	437
706	438
707	438
708	439
709	439
710	440
711	440
712	441
713	442
714	442
715	443
716	444
717	444
718	445
719	445
720	445
721	446
722	447
723	448
724	449
725	449
726	449
727	449
728	449
729	449
730	449
731	450
732	451
733	452
734	452
735	452
736	452
737	453
738	454
739	455
740	456
741	457
742	458
743	459
744	459
745	460
746	460
747	461
748	462
749	463
750	464
751	465
752	466
753	467
754	468
755	469
756	469
757	470
758	471
759	472
760	473
761	474
762	474
763	475
764	475
765	475
766	475
767	475
768	476
769	477
770	477
771	477
772	477
773	477
774	478
775	478
776	479
777	480
778	480
779	480
780	480
781	481
782	482
783	483
784	483
785	483
786	484
787	485
788	486
789	486
790	487
791	487
792	488
793	488
794	488
795	489
796	490
797	491
798	492
799	493
800	494
801	494
802	495
803	496
804	497
805	497
806	497
807	498
808	498
809	499
810	500
811	501
812	502
813	502
814	503
815	504
816	505
817	506
818	506
819	506
820	507
821	507
822	508
823	508
824	508
825	508
826	508
827	509
828	509
829	509
830	510
831	511
832	511
833	511
834	512
835	512
836	513
837	514
838	515
839	515
840	516
841	517
842	517
843	517
844	517
845	517
846	517
847	517
848	518
849	519
850	520
851	521
852	522
853	523
854	524
855	525
856	526
857	527
858	527
859	527
860	527
861	528
862	529
863	529
864	530
865	531
866	531
867	531
868	531
869	531
870	531
871	531
872	532
873	533
874	534
875	534
876	534
877	535
878	535
879	536
880	537
881	538
882	538
883	538
884	538
885	539
886	539
887	539
888	540
889	540
890	540
891	540
892	541
893	541
894	542
895	543
896	544
897	545
898	546
899	546
900	547
901	548
902	549
903	550
904	550
905	551
906	551
907	551
908	552
909	552
910	553
911	554
912	555
913	556
914	556
915	556
916	556
917	557
918	557
919	558
920	559
921	560
922	561
923	561
924	561
925	562
926	563
927	563
928	564
929	565
930	566
931	567
932	567
933	567
934	568
935	569
936	569
937	570
938	571
939	571
940	572
941	572
942	572
943	572
944	573
945	574
946	575
947	575
948	576
949	576
950	576
951	576
952	577
953	578
954	579
955	580
956	581
957	581
958	581
959	581
960	581
961	581
962	582
963	582
964	583
965	584
966	584
967	585
968	586
969	587
970	587
971	587
972	588
973	589
974	590
975	590
976	591
977	591
978	591
979	591
980	592
981	592
982	593
983	594
984	594
985	595
986	595
987	595
988	595
989	596
990	597
991	598
992	598
993	598
994	598
995	599
996	600
997	600
998	600
999	601
1000	602
1001	603
1002	603
1003	603
1004	603
1005	603
1006	603
1007	603
1008	604
1009	604
1010	604
1011	604
1012	604
1013	604
1014	605
1015	606
1016	606
1017	606
1018	606
1019	607
1020	607
1021	607
1022	608
1023	609
1024	609
1025	609
1026	610
1027	610
1028	611
1029	611
1030	612
1031	613
1032	614
1033	615
1034	615
1035	616
1036	616
1037	617
1038	618
1039	619
1040	620
1041	620
1042	620
1043	621
1044	622
1045	623
1046	624
1047	624
1048	624
1049	625
1050	626
1051	627
1052	628
1053	628
1054	628
1055	629
1056	630
1057	630
1058	630
1059	631
1060	631
1061	631
1062	632
1063	632
1064	632
1065	632
1066	632
1067	632
1068	632
1069	632
1070	632
1071	632
1072	632
1073	632
1074	633
1075	634
1076	634
1077	634
1078	635
1079	636
1080	637
1081	637
1082	638
1083	639
1084	640
1085	641
1086	641
1087	641
1088	642
1089	642
1090	642
1091	643
1092	643
1093	643
1094	644
1095	644
1096	644
1097	644
1098	644
1099	644
1100	644
1101	644
1102	644
1103	644
1104	644
1105	644
1106	645
1107	645
1108	646
1109	647
1110	647
1111	648
1112	648
1113	648
1114	648
1115	648
1116	648
1117	648
1118	649
1119	650
1120	651
1121	652
1122	653
1123	653
1124	654
1125	654
1126	654
1127	654
1128	654
1129	655
1130	656
1131	657
1132	658
1133	658
1134	658
1135	658
1136	659
1137	659
1138	659
1139	659
1140	659
1141	659
1142	659
1143	659
1144	660
1145	661
1146	661
1147	661
1148	662
1149	662
1150	662
1151	663
1152	663
1153	664
1154	664
1155	664
1156	665
1157	665
1158	665
1159	665
1160	665
1161	665
1162	665
1163	666
1164	666
1165	666
1166	666
1167	667
1168	668
1169	668
1170	668
1171	669
1172	669
1173	669
1174	670
1175	670
1176	671
1177	672
1178	672
1179	673
1180	673
1181	673
1182	674
1183	674
1184	674
1185	675
1186	675
1187	675
1188	675
1189	675
1190	675
1191	675
1192	675
1193	675
1194	675
1195	675
1196	676
1197	677
1198	677
1199	678
1200	678
1201	679
1202	679
1203	680
1204	680
1205	681
1206	681
1207	681
1208	681
1209	682
1210	682
1211	682
1212	683
1213	683
1214	684
1215	684
1216	685
1217	685
1218	685
1219	685
1220	685
1221	685
1222	685
1223	685
1224	685
1225	685
1226	685
1227	685
1228	686
1229	687
1230	687
1231	688
1232	688
1233	688
1234	688
1235	689
1236	690
1237	690
1238	690
1239	690
1240	690
1241	691
1242	692
1243	692
1244	693
1245	693
1246	694
1247	695
1248	696
1249	697
1250	698
1251	699
1252	699
1253	700
1254	701
1255	702
1256	703
1257	703
1258	704
1259	704
1260	705
1261	706
1262	707
1263	708
1264	708
1265	708
1266	709
1267	709
1268	709
1269	710
1270	710
1271	710
1272	710
1273	710
1274	710
1275	711
1276	711
1277	712
1278	713
1279	714
1280	714
1281	714
1282	715
1283	715
1284	715
1285	715
1286	715
1287	716
1288	717
1289	717
1290	717
1291	718
1292	719
1293	719
1294	719
1295	720
1296	720
1297	721
1298	722
1299	722
1300	722
1301	722
1302	723
1303	723
1304	723
1305	723
1306	724
1307	725
1308	725
1309	726
1310	727
1311	727
1312	727
1313	727
1314	727
1315	727
1316	727
1317	727
1318	727
1319	728
1320	729
1321	729
1322	729
1323	729
1324	730
1325	731
1326	731
1327	731
1328	731
1329	731
1330	731
1331	731
1332	731
1333	732
1334	732
1335	732
1336	732
1337	732
1338	732
1339	732
1340	732
1341	732
1342	733
1343	733
1344	733
1345	734
1346	734
1347	734
1348	734
1349	734
1350	734
1351	734
1352	735
1353	735
1354	735
1355	736
1356	737
1357	738
1358	739
1359	739
1360	739
1361	739
1362	739
1363	739
1364	739
1365	739
1366	739
1367	739
1368	739
1369	739
1370	739
1371	739
1372	740
1373	740
1374	740
1375	741
1376	742
1377	742
1378	742
1379	743
1380	743
1381	744
1382	744
1383	744
1384	744
1385	744
1386	744
1387	744
1388	744
1389	744
1390	744
1391	745
1392	745
1393	745
1394	745
1395	746
1396	746
1397	746
1398	746
1399	747
1400	747
1401	748
1402	749
1403	749
1404	749
1405	749
1406	749
1407	749
1408	749
1409	749
1410	749
1411	749
1412	749
1413	749
1414	749
1415	749
1416	749
1417	749
1418	750
1419	751
1420	752
1421	753
1422	754
1423	754
1424	755
1425	756
1426	756
1427	756
1428	756
1429	756
1430	756
1431	756
1432	756
1433	757
1434	758
1435	758
1436	759
1437	759
1438	760
1439	761
1440	762
1441	762
1442	762
1443	762
1444	763
1445	763
1446	763
1447	763
1448	763
1449	763
1450	763
1451	764
1452	764
1453	765
1454	766
1455	767
1456	768
1457	768
1458	768
1459	769
1460	769
1461	770
1462	771
1463	771
1464	771
1465	771
1466	772
1467	772
1468	773
1469	774
1470	775
1471	775
1472	775
1473	775
1474	776
1475	777
1476	778
1477	779
1478	779
1479	779
1480	779
1481	779
1482	779
1483	779
1484	779
1485	779
1486	779
1487	779
1488	779
1489	779
1490	779
1491	780
1492	780
1493	780
1494	780
1495	780
1496	780
1497	780
1498	781
1499	782
1500	783
1501	783
1502	783
1503	783
1504	783
1505	784
1506	785
1507	786
1508	787
1509	788
1510	788
1511	788
1512	788
1513	788
1514	789
1515	789
1516	789
1517	789
1518	790
1519	791
1520	791
1521	791
1522	792
1523	793
1524	794
1525	795
1526	795
1527	795
1528	795
1529	795
1530	795
1531	796
1532	797
1533	797
1534	797
1535	797
1536	797
1537	797
1538	798
1539	799
1540	800
1541	801
1542	801
1543	802
1544	803
1545	804
1546	804
1547	804
1548	804
1549	805
1550	806
1551	806
1552	806
1553	806
1554	806
1555	806
1556	807
1557	807
1558	808
1559	809
1560	809
1561	809
1562	809
1563	809
1564	809
1565	809
1566	810
1567	811
1568	811
1569	811
1570	811
1571	811
1572	811
1573	811
1574	812
1575	813
1576	813
1577	814
1578	814
1579	815
1580	815
1581	815
1582	815
1583	816
1584	817
1585	817
1586	817
1587	817
1588	817
1589	818
1590	819
1591	819
1592	819
1593	819
1594	820
1595	820
1596	820
1597	820
1598	820
1599	821
1600	821
1601	822
1602	822
1603	822
1604	823
1605	823
1606	823
1607	823
1608	823
1609	824
1610	824
1611	824
1612	824
1613	825
1614	826
1615	827
1616	827
1617	827
1618	827
1619	827
1620	828
1621	829
1622	829
1623	829
1624	830
1625	831
1626	831
1627	831
1628	831
1629	832
1630	832
1631	833
1632	834
1633	834
1634	834
1635	834
1636	834
1637	834
1638	835
1639	836
1640	837
1641	837
1642	837
1643	838
1644	839
1645	840
1646	841
1647	841
1648	841
1649	841
1650	842
1651	842
1652	843
1653	844
1654	844
1655	845
1656	846
1657	846
1658	847
1659	847
1660	848
1661	849
1662	850
1663	851
1664	851
1665	851
1666	851
1667	851
1668	851
1669	851
1670	851
1671	852
1672	853
1673	853
1674	853
1675	853
1676	853
1677	854
1678	855
1679	855
1680	855
1681	856
1682	857
1683	857
1684	857
1685	857
1686	857
1687	857
1688	858
1689	858
1690	858
1691	858
1692	858
1693	859
1694	860
1695	860
1696	860
1697	861
1698	861
1699	861
1700	861
1701	862
1702	862
1703	863
1704	863
1705	863
1706	863
1707	864
1708	864
1709	865
1710	865
1711	866
1712	867
1713	868
1714	869
1715	869
1716	870
1717	870
1718	870
1719	870
1720	871
1721	871
1722	871
1723	871
1724	871
1725	872
1726	872
1727	872
1728	873
1729	874
1730	874
1731	874
1732	874
1733	874
1734	875
1735	875
1736	875
1737	875
1738	875
1739	875
1740	875
1741	875
1742	876
1743	877
1744	877
1745	877
1746	878
1747	878
1748	878
1749	879
1750	879
1751	879
1752	880
1753	880
1754	880
1755	881
1756	881
1757	881
1758	882
1759	883
1760	884
1761	885
1762	886
1763	887
1764	888
1765	889
1766	889
1767	890
1768	891
1769	891
1770	891
1771	892
1772	893
1773	894
1774	894
1775	895
1776	895
1777	895
1778	895
1779	895
1780	895
1781	895
1782	896
1783	897
1784	897
1785	898
1786	899
1787	900
1788	901
1789	901
1790	902
1791	903
1792	904
1793	904
1794	905
1795	905
1796	906
1797	906
1798	906
1799	906
1800	907
1801	907
1802	907
1803	907
1804	907
1805	908
1806	909
1807	909
1808	909
1809	910
1810	911
1811	911
1812	911
1813	911
1814	911
1815	912
1816	912
1817	912
1818	912
1819	913
1820	913
1821	913
1822	913
1823	913
1824	913
1825	913
1826	913
1827	914
1828	915
1829	916
1830	916
1831	917
1832	918
1833	919
1834	919
1835	920
1836	920
1837	920
1838	920
1839	920
1840	920
1841	921
1842	922
1843	923
1844	924
1845	925
1846	926
1847	927
1848	928
1849	928
1850	928
1851	929
1852	929
1853	930
1854	931
1855	932
1856	932
1857	932
1858	933
1859	934
1860	934
1861	935
1862	936
1863	937
1864	937
1865	937
1866	938
1867	939
1868	939
1869	939
1870	939
1871	940
1872	940
1873	941
1874	942
1875	942
1876	942
1877	942
1878	942
1879	942
1880	943
1881	943
1882	943
1883	943
1884	943
1885	943
1886	944
1887	945
1888	945
1889	945
1890	945
1891	945
1892	945
1893	946
1894	946
1895	946
1896	946
1897	946
1898	946
1899	946
1900	946
1901	946
1902	947
1903	947
1904	947
1905	947
1906	948
1907	948
1908	948
1909	948
1910	948
1911	949
1912	949
1913	949
1914	949
1915	950
1916	951
1917	951
1918	952
1919	953
1920	953
1921	954
1922	954
1923	955
1924	956
1925	957
1926	957
1927	957
1928	958
1929	958
1930	958
1931	958
1932	959
1933	959
1934	960
1935	960
1936	960
1937	960
1938	960
1939	961
1940	962
1941	962
1942	962
1943	963
1944	964
1945	964
1946	964
1947	965
1948	965
1949	965
1950	965
1951	965
1952	965
1953	965
1954	965
1955	965
1956	966
1957	966
1958	966
1959	966
1960	966
1961	966
1962	966
1963	966
1964	966
1965	966
1966	966
1967	966
1968	966
1969	966
1970	967
1971	967
1972	967
1973	967
1974	967
1975	968
1976	969
1977	969
1978	969
1979	969
1980	969
1981	969
1982	969
1983	970
1984	971
1985	971
1986	971
1987	971
1988	972
1989	972
1990	973
1991	974
1992	974
1993	974
1994	974
1995	975
1996	976
1997	976
1998	977
1999	978
2000	978
2001	978
2002	978
2003	978
2004	979
2005	980
2006	980
2007	980
2008	980
2009	980
2010	980
2011	980
2012	980
2013	980
2014	980
2015	980
2016	980
2017	981
2018	981
2019	981
2020	981
2021	981
2022	981
2023	981
2024	982
2025	982
2026	982
2027	982
2028	982
2029	983
2030	984
2031	985
2032	986
2033	986
2034	987
2035	987
2036	987
2037	988
2038	988
2039	989
2040	990
2041	990
2042	991
2043	991
2044	992
2045	992
2046	992
2047	993
2048	993
2049	993
2050	993
2051	993
2052	993
2053	993
2054	993
2055	993
2056	993
2057	993
2058	993
2059	993
2060	993
2061	993
2062	993
2063	994
2064	994
2065	994
2066	994
2067	994
2068	994
2069	995
2070	995
2071	995
2072	996
2073	996
2074	996
2075	996
2076	997
2077	997
2078	997
2079	997
2080	997
2081	997
2082	997
2083	997
2084	997
2085	997
2086	998
2087	998
2088	998
2089	999
2090	999
2091	999
2092	1000
2093	1000
2094	1001
2095	1001
2096	1001
2097	1001
2098	1001
2099	1002
2100	1002
2101	1002
2102	1002
2103	1002
2104	1002
2105	1002
2106	1002
2107	1003
2108	1003
2109	1003
2110	1004
2111	1005
2112	1005
2113	1006
2114	1007
2115	1008
2116	1008
2117	1009
2118	1009
2119	1009
2120	1009
2121	1009
2122	1009
2123	1009
2124	1010
2125	1011
2126	1011
2127	1011
2128	1012
2129	1012
2130	1012
2131	1013
2132	1013
2133	1013
2134	1013
2135	1014
2136	1014
2137	1014
2138	1015
2139	1015
2140	1015
2141	1016
2142	1016
2143	1016
2144	1016
2145	1016
2146	1016
2147	1016
2148	1017
2149	1017
2150	1017
2151	1017
2152	1017
2153	1017
2154	1018
2155	1018
2156	1018
2157	1018
2158	1019
2159	1019
2160	1019
2161	1019
2162	1020
2163	1021
2164	1021
2165	1021
2166	1021
2167	1021
2168	1021
2169	1021
2170	1021
2171	1021
2172	1022
2173	1023
2174	1024
2175	1025
2176	1025
2177	1025
2178	1025
2179	1026
2180	1027
2181	1027
2182	1027
2183	1027
2184	1027
2185	1027
2186	1027
2187	1027
2188	1028
2189	1029
2190	1030
2191	1030
2192	1031
2193	1032
2194	1033
2195	1034
2196	1034
2197	1034
2198	1035
2199	1035
2200	1035
2201	1036
2202	1037
2203	1038
2204	1039
2205	1039
2206	1040
2207	1041
2208	1042
2209	1043
2210	1044
2211	1045
2212	1046
2213	1047
2214	1048
2215	1048
2216	1048
2217	1048
2218	1049
2219	1050
2220	1051
2221	1052
2222	1053
2223	1053
2224	1053
2225	1054
2226	1055
2227	1056
2228	1057
2229	1058
2230	1059
2231	1060
2232	1061
2233	1061
2234	1062
2235	1062
2236	1063
2237	1064
2238	1065
2239	1066
2240	1067
2241	1068
2242	1068
2243	1069
2244	1070
2245	1071
2246	1072
2247	1073
2248	1073
2249	1074
2250	1075
2251	1075
2252	1076
2253	1076
2254	1077
2255	1078
2256	1078
2257	1079
2258	1079
2259	1079
2260	1080
2261	1081
2262	1081
2263	1081
2264	1081
2265	1082
2266	1083
2267	1083
2268	1084
2269	1085
2270	1085
2271	1086
2272	1086
2273	1087
2274	1087
2275	1087
2276	1088
2277	1089
2278	1090
2279	1091
2280	1091
2281	1091
2282	1091
2283	1092
2284	1093
2285	1093
2286	1093
2287	1093
2288	1094
2289	1094
2290	1094
2291	1095
2292	1095
2293	1095
2294	1095
2295	1096
2296	1097
2297	1097
2298	1097
2299	1098
2300	1099
2301	1099
2302	1099
2303	1100
2304	1101
2305	1101
2306	1102
2307	1103
2308	1103
2309	1103
2310	1104
2311	1104
2312	1104
2313	1105
2314	1105
2315	1106
2316	1107
2317	1107
2318	1108
2319	1109
2320	1109
2321	1110
2322	1110
2323	1110
2324	1111
2325	1112
2326	1112
2327	1112
2328	1112
2329	1112
2330	1113
2331	1113
2332	1114
2333	1114
2334	1115
2335	1115
2336	1115
2337	1116
2338	1116
2339	1117
2340	1117
2341	1117
2342	1118
2343	1119
2344	1119
2345	1120
2346	1120
2347	1121
2348	1121
2349	1122
2350	1123
2351	1124
2352	1125
2353	1125
2354	1125
2355	1126
2356	1127
2357	1128
2358	1128
2359	1129
2360	1130
2361	1130
2362	1131
2363	1131
2364	1132
2365	1133
2366	1134
2367	1134
2368	1135
2369	1136
2370	1136
2371	1137
2372	1138
2373	1139
2374	1139
2375	1140
2376	1140
2377	1141
2378	1142
2379	1142
2380	1143
2381	1143
2382	1144
2383	1144
2384	1144
2385	1144
2386	1144
2387	1144
2388	1144
2389	1144
2390	1144
2391	1145
2392	1146
2393	1146
2394	1147
2395	1147
2396	1148
2397	1148
2398	1149
2399	1149
2400	1149
2401	1149
2402	1149
2403	1149
2404	1149
2405	1150
2406	1150
2407	1151
2408	1151
2409	1151
2410	1151
2411	1152
2412	1152
2413	1153
2414	1154
2415	1155
2416	1155
2417	1156
2418	1156
2419	1157
2420	1158
2421	1159
2422	1160
2423	1160
2424	1160
2425	1160
2426	1160
2427	1161
2428	1161
2429	1162
2430	1162
2431	1163
2432	1164
2433	1164
2434	1164
2435	1164
2436	1164
2437	1164
2438	1164
2439	1164
2440	1165
2441	1165
2442	1165
2443	1165
2444	1165
2445	1166
2446	1166
2447	1166
2448	1166
2449	1167
2450	1167
2451	1167
2452	1167
2453	1167
2454	1167
2455	1167
2456	1167
2457	1167
2458	1167
2459	1168
2460	1168
2461	1169
2462	1169
2463	1169
2464	1169
2465	1169
2466	1170
2467	1171
2468	1171
2469	1171
2470	1172
2471	1173
2472	1173
2473	1174
2474	1174
2475	1175
2476	1176
2477	1176
2478	1177
2479	1177
2480	1177
2481	1178
2482	1179
2483	1180
2484	1180
2485	1181
2486	1181
2487	1182
2488	1183
2489	1184
2490	1185
2491	1186
2492	1187
2493	1188
2494	1188
2495	1189
2496	1190
2497	1191
2498	1192
2499	1192
2500	1192
2501	1193
2502	1194
2503	1194
2504	1195
2505	1196
2506	1196
2507	1197
2508	1197
2509	1197
2510	1197
2511	1198
2512	1199
2513	1199
2514	1200
2515	1201
2516	1201
2517	1202
2518	1203
2519	1204
2520	1204
2521	1205
2522	1206
2523	1207
2524	1207
2525	1207
2526	1207
2527	1207
2528	1207
2529	1207
2530	1207
2531	1207
2532	1208
2533	1208
2534	1209
2535	1210
2536	1210
2537	1210
2538	1210
2539	1211
2540	1212
2541	1212
2542	1212
2543	1213
2544	1213
2545	1214
2546	1215
2547	1215
2548	1216
2549	1217
2550	1218
2551	1218
2552	1218
2553	1219
2554	1220
2555	1220
2556	1220
2557	1220
2558	1220
2559	1220
2560	1221
2561	1221
2562	1221
2563	1221
2564	1222
2565	1223
2566	1223
2567	1224
2568	1224
2569	1224
2570	1225
2571	1225
2572	1226
2573	1226
2574	1226
2575	1227
2576	1227
2577	1227
2578	1227
2579	1227
2580	1227
2581	1227
2582	1227
2583	1227
2584	1228
2585	1229
2586	1230
2587	1231
2588	1231
2589	1231
2590	1231
2591	1232
2592	1232
2593	1232
2594	1232
2595	1232
2596	1232
2597	1232
2598	1232
2599	1232
2600	1232
2601	1233
2602	1233
2603	1234
2604	1234
2605	1234
2606	1235
2607	1235
2608	1235
2609	1235
2610	1235
2611	1236
2612	1237
2613	1237
2614	1237
2615	1237
2616	1237
2617	1238
2618	1239
2619	1239
2620	1239
2621	1239
2622	1239
2623	1239
2624	1240
2625	1241
2626	1241
2627	1242
2628	1242
2629	1242
2630	1242
2631	1242
2632	1242
2633	1243
2634	1244
2635	1245
2636	1245
2637	1246
2638	1247
2639	1247
2640	1248
2641	1248
2642	1249
2643	1250
2644	1250
2645	1250
2646	1250
2647	1251
2648	1251
2649	1251
2650	1252
2651	1252
2652	1252
2653	1253
2654	1253
2655	1254
2656	1254
2657	1254
2658	1254
2659	1254
2660	1255
2661	1256
2662	1257
2663	1257
2664	1257
2665	1258
2666	1259
2667	1259
2668	1259
2669	1260
2670	1261
2671	1261
2672	1262
2673	1262
2674	1262
2675	1263
2676	1263
2677	1264
2678	1265
2679	1265
2680	1265
2681	1266
2682	1267
2683	1267
2684	1267
2685	1268
2686	1269
2687	1269
2688	1270
2689	1271
2690	1272
2691	1272
2692	1273
2693	1274
2694	1275
2695	1276
2696	1276
2697	1276
2698	1276
2699	1276
2700	1276
2701	1276
2702	1276
2703	1276
2704	1276
2705	1276
2706	1276
2707	1276
2708	1276
2709	1277
2710	1278
2711	1279
2712	1279
2713	1279
2714	1279
2715	1279
2716	1279
2717	1279
2718	1280
2719	1281
2720	1281
2721	1281
2722	1282
2723	1283
2724	1284
2725	1284
2726	1284
2727	1284
2728	1285
2729	1286
2730	1286
2731	1287
2732	1288
2733	1288
2734	1288
2735	1288
2736	1289
2737	1289
2738	1290
2739	1290
2740	1291
2741	1292
2742	1293
2743	1293
2744	1294
2745	1295
2746	1296
2747	1297
2748	1298
2749	1299
2750	1299
2751	1300
2752	1301
2753	1301
2754	1302
2755	1302
2756	1303
2757	1304
2758	1304
2759	1305
2760	1306
2761	1307
2762	1307
2763	1308
2764	1309
2765	1310
2766	1311
2767	1312
2768	1313
2769	1313
2770	1313
2771	1313
2772	1314
2773	1314
2774	1315
2775	1315
2776	1316
2777	1317
2778	1317
2779	1317
2780	1317
2781	1318
2782	1319
2783	1319
2784	1319
2785	1319
2786	1320
2787	1321
2788	1321
2789	1322
2790	1322
2791	1322
2792	1322
2793	1323
2794	1323
2795	1324
2796	1325
2797	1326
2798	1326
2799	1326
2800	1326
2801	1326
2802	1327
2803	1328
2804	1329
2805	1329
2806	1330
2807	1331
2808	1332
2809	1333
2810	1334
2811	1335
2812	1336
2813	1336
2814	1337
2815	1338
2816	1339
2817	1339
2818	1339
2819	1339
2820	1339
2821	1339
2822	1339
2823	1340
2824	1341
2825	1342
2826	1342
2827	1343
2828	1344
2829	1344
2830	1344
2831	1345
2832	1346
2833	1346
2834	1347
2835	1347
2836	1348
2837	1348
2838	1349
2839	1350
2840	1351
2841	1351
2842	1351
2843	1351
2844	1352
2845	1352
2846	1352
2847	1352
2848	1352
2849	1352
2850	1352
2851	1353
2852	1354
2853	1354
2854	1354
2855	1354
2856	1354
2857	1354
2858	1354
2859	1355
2860	1356
2861	1356
2862	1357
2863	1358
2864	1358
2865	1359
2866	1360
2867	1360
2868	1360
2869	1361
2870	1362
2871	1363
2872	1363
2873	1363
2874	1364
2875	1364
2876	1364
2877	1364
2878	1364
2879	1364
2880	1365
2881	1365
2882	1365
2883	1365
2884	1366
2885	1366
2886	1366
2887	1366
2888	1366
2889	1366
2890	1366
2891	1367
2892	1368
2893	1369
2894	1369
2895	1369
2896	1370
2897	1370
2898	1370
2899	1371
2900	1372
2901	1372
2902	1372
2903	1373
2904	1373
2905	1373
2906	1373
2907	1374
2908	1374
2909	1375
2910	1376
2911	1376
2912	1376
2913	1376
2914	1376
2915	1376
2916	1376
2917	1377
2918	1377
2919	1378
2920	1379
2921	1379
2922	1380
2923	1381
2924	1382
2925	1382
2926	1382
2927	1382
2928	1382
2929	1382
2930	1383
2931	1384
2932	1384
2933	1385
2934	1386
2935	1387
2936	1387
2937	1387
2938	1388
2939	1389
2940	1389
2941	1389
2942	1389
2943	1389
2944	1390
2945	1391
2946	1391
2947	1392
2948	1392
2949	1393
2950	1394
2951	1395
2952	1396
2953	1397
2954	1397
2955	1397
2956	1398
2957	1398
2958	1398
2959	1399
2960	1400
2961	1400
2962	1401
2963	1402
2964	1402
2965	1402
2966	1402
2967	1402
2968	1403
2969	1404
2970	1405
2971	1406
2972	1407
2973	1408
2974	1409
2975	1410
2976	1411
2977	1411
2978	1412
2979	1413
2980	1414
2981	1415
2982	1416
2983	1416
2984	1417
2985	1417
2986	1418
2987	1419
2988	1420
2989	1420
2990	1421
2991	1422
2992	1423
2993	1423
2994	1423
2995	1424
2996	1425
2997	1426
2998	1426
2999	1427
3000	1427
3001	1427
3002	1428
3003	1429
3004	1430
3005	1431
3006	1432
3007	1433
3008	1434
3009	1434
3010	1434
3011	1435
3012	1435
3013	1435
3014	1436
3015	1437
3016	1438
3017	1439
3018	1439
3019	1440
3020	1441
3021	1441
3022	1442
3023	1442
3024	1442
3025	1442
3026	1442
3027	1443
3028	1443
3029	1444
3030	1445
3031	1445
3032	1445
3033	1446
3034	1447
3035	1448
3036	1449
3037	1449
3038	1450
3039	1450
3040	1450
3041	1451
3042	1451
3043	1452
3044	1452
3045	1452
3046	1453
3047	1454
3048	1455
3049	1456
3050	1456
3051	1456
3052	1457
3053	1457
3054	1458
3055	1459
3056	1459
3057	1460
3058	1461
3059	1461
3060	1461
3061	1461
3062	1462
3063	1462
3064	1462
3065	1462
3066	1463
3067	1464
3068	1465
3069	1466
3070	1466
3071	1467
3072	1468
3073	1469
3074	1469
3075	1470
3076	1471
3077	1471
3078	1472
3079	1473
3080	1474
3081	1474
3082	1474
3083	1475
3084	1476
3085	1477
3086	1478
3087	1479
3088	1480
3089	1481
3090	1482
3091	1482
3092	1482
3093	1482
3094	1483
3095	1484
3096	1485
3097	1486
3098	1486
3099	1487
3100	1488
3101	1489
3102	1490
3103	1490
3104	1491
3105	1492
3106	1493
3107	1494
3108	1494
3109	1494
3110	1494
3111	1494
3112	1494
3113	1494
3114	1494
3115	1495
3116	1496
3117	1496
3118	1496
3119	1496
3120	1496
3121	1497
3122	1498
3123	1499
3124	1500
3125	1500
3126	1501
3127	1501
3128	1501
3129	1501
3130	1501
3131	1501
3132	1501
3133	1502
3134	1502
3135	1502
3136	1502
3137	1503
3138	1503
3139	1503
3140	1504
3141	1504
3142	1505
3143	1505
3144	1506
3145	1507
3146	1507
3147	1507
3148	1507
3149	1507
3150	1508
3151	1509
3152	1509
3153	1510
3154	1510
3155	1510
3156	1511
3157	1511
3158	1512
3159	1512
3160	1512
3161	1513
3162	1514
3163	1514
3164	1514
3165	1515
3166	1516
3167	1517
3168	1517
3169	1518
3170	1519
3171	1520
3172	1520
3173	1520
3174	1520
3175	1520
3176	1520
3177	1520
3178	1520
3179	1521
3180	1521
3181	1521
3182	1521
3183	1522
3184	1522
3185	1523
3186	1523
3187	1523
3188	1523
3189	1524
3190	1524
3191	1525
3192	1525
3193	1525
3194	1526
3195	1527
3196	1528
3197	1528
3198	1529
3199	1530
3200	1530
3201	1531
3202	1532
3203	1533
3204	1534
3205	1535
3206	1536
3207	1537
3208	1537
3209	1537
3210	1537
3211	1538
3212	1539
3213	1539
3214	1539
3215	1540
3216	1541
3217	1541
3218	1542
3219	1542
3220	1543
3221	1544
3222	1545
3223	1546
3224	1547
3225	1548
3226	1549
3227	1550
3228	1550
3229	1551
3230	1552
3231	1553
3232	1553
3233	1554
3234	1555
3235	1556
3236	1557
3237	1558
3238	1558
3239	1558
3240	1559
3241	1559
3242	1559
3243	1559
3244	1560
3245	1561
3246	1561
3247	1561
3248	1562
3249	1563
3250	1564
3251	1564
3252	1565
3253	1566
3254	1566
3255	1566
3256	1567
3257	1568
3258	1568
3259	1568
3260	1568
3261	1569
3262	1570
3263	1570
3264	1570
3265	1571
3266	1572
3267	1573
3268	1574
3269	1574
3270	1575
3271	1575
3272	1576
3273	1576
3274	1577
3275	1577
3276	1578
3277	1579
3278	1580
3279	1580
3280	1581
3281	1581
3282	1581
3283	1582
3284	1583
3285	1583
3286	1584
3287	1585
3288	1586
3289	1586
3290	1587
3291	1588
3292	1589
3293	1590
3294	1590
3295	1591
3296	1592
3297	1593
3298	1593
3299	1594
3300	1594
3301	1594
3302	1594
3303	1594
3304	1595
3305	1595
3306	1595
3307	1595
3308	1595
3309	1595
3310	1595
3311	1595
3312	1595
3313	1595
3314	1596
3315	1596
3316	1597
3317	1598
3318	1598
3319	1599
3320	1599
3321	1600
3322	1601
3323	1601
3324	1602
3325	1603
3326	1603
3327	1604
3328	1604
3329	1605
3330	1605
3331	1605
3332	1606
3333	1607
3334	1607
3335	1608
3336	1608
3337	1609
3338	1610
3339	1610
3340	1611
3341	1611
3342	1612
3343	1613
3344	1613
3345	1613
3346	1614
3347	1615
3348	1615
3349	1616
3350	1617
3351	1618
3352	1618
3353	1619
3354	1619
3355	1620
3356	1621
3357	1621
3358	1622
3359	1622
3360	1622
3361	1623
3362	1623
3363	1623
3364	1623
3365	1624
3366	1625
3367	1626
3368	1627
3369	1628
3370	1628
3371	1629
3372	1629
3373	1629
3374	1630
3375	1630
3376	1630
3377	1631
3378	1631
3379	1631
3380	1631
3381	1632
3382	1632
3383	1632
3384	1633
3385	1634
3386	1634
3387	1634
3388	1635
3389	1636
3390	1637
3391	1638
3392	1639
3393	1639
3394	1640
3395	1641
3396	1642
3397	1643
3398	1643
3399	1643
3400	1644
3401	1644
3402	1645
3403	1645
3404	1646
3405	1647
3406	1647
3407	1648
3408	1648
3409	1648
3410	1648
3411	1649
3412	1649
3413	1649
3414	1649
3415	1649
3416	1649
3417	1649
3418	1650
3419	1651
3420	1651
3421	1652
3422	1652
3423	1653
3424	1653
3425	1654
3426	1655
3427	1656
3428	1656
3429	1656
3430	1657
3431	1658
3432	1659
3433	1660
3434	1661
3435	1662
3436	1663
3437	1664
3438	1665
3439	1665
3440	1666
3441	1667
3442	1668
3443	1668
3444	1669
3445	1670
3446	1671
3447	1672
3448	1672
3449	1673
3450	1673
3451	1673
3452	1673
3453	1674
3454	1675
3455	1675
3456	1675
3457	1675
3458	1676
3459	1677
3460	1678
3461	1679
3462	1680
3463	1680
3464	1680
3465	1680
3466	1680
3467	1681
3468	1681
3469	1682
3470	1682
3471	1683
3472	1683
3473	1683
3474	1683
3475	1684
3476	1685
3477	1685
3478	1685
3479	1685
3480	1686
3481	1687
3482	1688
3483	1688
3484	1689
3485	1689
3486	1690
3487	1690
3488	1690
3489	1690
3490	1690
3491	1691
3492	1692
3493	1692
3494	1693
3495	1693
3496	1694
3497	1695
3498	1696
3499	1696
3500	1696
3501	1697
3502	1697
3503	1698
3504	1698
3505	1699
3506	1699
3507	1700
3508	1700
3509	1700
3510	1701
3511	1702
3512	1702
3513	1703
3514	1704
3515	1705
3516	1705
3517	1705
3518	1706
3519	1707
3520	1708
3521	1708
3522	1708
3523	1709
3524	1710
3525	1711
3526	1711
3527	1712
3528	1713
3529	1713
3530	1713
3531	1714
3532	1714
3533	1715
3534	1716
3535	1717
3536	1717
3537	1718
3538	1719
3539	1720
3540	1720
3541	1721
3542	1721
3543	1722
3544	1723
3545	1724
3546	1724
3547	1724
3548	1725
3549	1725
3550	1726
3551	1726
3552	1726
3553	1726
3554	1726
3555	1726
3556	1726
3557	1727
3558	1727
3559	1727
3560	1728
3561	1729
3562	1729
3563	1730
3564	1731
3565	1732
3566	1733
3567	1734
3568	1735
3569	1735
3570	1735
3571	1736
3572	1737
3573	1738
3574	1738
3575	1738
3576	1739
3577	1739
3578	1739
3579	1740
3580	1740
3581	1741
3582	1742
3583	1742
3584	1742
3585	1742
3586	1742
3587	1742
3588	1742
3589	1743
3590	1744
3591	1744
3592	1744
3593	1744
3594	1744
3595	1744
3596	1745
3597	1745
3598	1746
3599	1747
3600	1748
3601	1748
3602	1748
3603	1748
3604	1748
3605	1748
3606	1749
3607	1750
3608	1750
3609	1750
3610	1750
3611	1750
3612	1750
3613	1751
3614	1752
3615	1753
3616	1754
3617	1755
3618	1756
3619	1756
3620	1756
3621	1757
3622	1758
3623	1759
3624	1759
3625	1759
3626	1759
3627	1759
3628	1759
3629	1759
3630	1759
3631	1759
3632	1759
3633	1760
3634	1760
3635	1760
3636	1760
3637	1761
3638	1762
3639	1762
3640	1763
3641	1763
3642	1764
3643	1764
3644	1765
3645	1766
3646	1766
3647	1766
3648	1766
3649	1766
3650	1766
3651	1767
3652	1767
3653	1767
3654	1767
3655	1767
3656	1768
3657	1768
3658	1768
3659	1768
3660	1769
3661	1769
3662	1769
3663	1769
3664	1769
3665	1769
3666	1769
3667	1769
3668	1770
3669	1770
3670	1770
3671	1770
3672	1770
3673	1770
3674	1771
3675	1771
3676	1772
3677	1773
3678	1774
3679	1774
3680	1774
3681	1774
3682	1774
3683	1774
3684	1775
3685	1775
3686	1775
3687	1776
3688	1777
3689	1777
3690	1778
3691	1779
3692	1780
3693	1781
3694	1782
3695	1782
3696	1783
3697	1783
3698	1783
3699	1784
3700	1785
3701	1785
3702	1785
3703	1786
3704	1787
3705	1788
3706	1788
3707	1789
3708	1790
3709	1791
3710	1792
3711	1792
3712	1793
3713	1793
3714	1794
3715	1794
3716	1795
3717	1796
3718	1797
3719	1797
3720	1797
3721	1797
3722	1798
3723	1798
3724	1798
3725	1799
3726	1799
3727	1799
3728	1800
3729	1800
3730	1800
3731	1800
3732	1801
3733	1802
3734	1802
3735	1803
3736	1803
3737	1804
3738	1805
3739	1806
3740	1807
3741	1808
3742	1808
3743	1808
3744	1809
3745	1809
3746	1810
3747	1810
3748	1810
3749	1811
3750	1811
3751	1812
3752	1813
3753	1813
3754	1814
3755	1815
3756	1816
3757	1817
3758	1818
3759	1818
3760	1819
3761	1819
3762	1820
3763	1821
3764	1822
3765	1823
3766	1824
3767	1824
3768	1824
3769	1825
3770	1825
3771	1825
3772	1826
3773	1826
3774	1827
3775	1828
3776	1829
3777	1830
3778	1831
3779	1831
3780	1832
3781	1832
3782	1833
3783	1833
3784	1833
3785	1833
3786	1834
3787	1834
3788	1834
3789	1835
3790	1836
3791	1836
3792	1836
3793	1836
3794	1837
3795	1837
3796	1838
3797	1839
3798	1839
3799	1839
3800	1840
3801	1841
3802	1841
3803	1841
3804	1842
3805	1843
3806	1843
3807	1843
3808	1844
3809	1845
3810	1845
3811	1846
3812	1846
3813	1846
3814	1847
3815	1847
3816	1847
3817	1848
3818	1849
3819	1850
3820	1851
3821	1851
3822	1851
3823	1851
3824	1851
3825	1852
3826	1853
3827	1853
3828	1854
3829	1854
3830	1855
3831	1856
3832	1857
3833	1857
3834	1857
3835	1857
3836	1857
3837	1858
3838	1858
3839	1859
3840	1860
3841	1861
3842	1862
3843	1862
3844	1862
3845	1863
3846	1864
3847	1865
3848	1865
3849	1866
3850	1866
3851	1867
3852	1868
3853	1868
3854	1868
3855	1869
3856	1869
3857	1870
3858	1871
3859	1872
3860	1873
3861	1873
3862	1874
3863	1875
3864	1875
3865	1876
3866	1876
3867	1876
3868	1877
3869	1878
3870	1878
3871	1878
3872	1878
3873	1879
3874	1880
3875	1880
3876	1880
3877	1881
3878	1881
3879	1881
3880	1881
3881	1882
3882	1883
3883	1884
3884	1885
3885	1886
3886	1887
3887	1888
3888	1889
3889	1890
3890	1891
3891	1891
3892	1892
3893	1893
3894	1893
3895	1893
3896	1894
3897	1895
3898	1895
3899	1896
3900	1896
3901	1897
3902	1897
3903	1898
3904	1898
3905	1898
3906	1898
3907	1899
3908	1899
3909	1899
3910	1899
3911	1900
3912	1900
3913	1901
3914	1902
3915	1903
3916	1904
3917	1904
3918	1905
3919	1905
3920	1906
3921	1906
3922	1906
3923	1906
3924	1907
3925	1907
3926	1908
3927	1909
3928	1910
3929	1911
3930	1911
3931	1912
3932	1912
3933	1913
3934	1913
3935	1914
3936	1914
3937	1914
3938	1915
3939	1916
3940	1917
3941	1918
3942	1918
3943	1918
3944	1919
3945	1919
3946	1919
3947	1920
3948	1920
3949	1921
3950	1922
3951	1922
3952	1922
3953	1922
3954	1923
3955	1924
3956	1925
3957	1925
3958	1925
3959	1926
3960	1926
3961	1927
3962	1928
3963	1928
3964	1929
3965	1930
3966	1931
3967	1932
3968	1932
3969	1932
3970	1932
3971	1932
3972	1933
3973	1933
3974	1933
3975	1934
3976	1935
3977	1935
3978	1936
3979	1937
3980	1937
3981	1938
3982	1938
3983	1938
3984	1938
3985	1938
3986	1938
3987	1939
3988	1939
3989	1940
3990	1941
3991	1941
3992	1941
3993	1942
3994	1943
3995	1943
3996	1943
3997	1943
3998	1943
3999	1944
4000	1945
4001	1945
4002	1946
4003	1947
4004	1948
4005	1949
4006	1949
4007	1950
4008	1950
4009	1951
4010	1952
4011	1953
4012	1953
4013	1954
4014	1954
4015	1955
4016	1956
4017	1956
4018	1957
4019	1957
4020	1957
4021	1958
4022	1959
4023	1960
4024	1960
4025	1960
4026	1960
4027	1960
4028	1960
4029	1960
4030	1960
4031	1961
4032	1962
4033	1962
4034	1962
4035	1963
4036	1963
4037	1963
4038	1964
4039	1965
4040	1966
4041	1967
4042	1968
4043	1968
4044	1968
4045	1968
4046	1968
4047	1968
4048	1969
4049	1969
4050	1970
4051	1970
4052	1971
4053	1971
4054	1971
4055	1972
4056	1972
4057	1972
4058	1972
4059	1972
4060	1973
4061	1973
4062	1973
4063	1973
4064	1974
4065	1975
4066	1976
4067	1977
4068	1978
4069	1978
4070	1979
4071	1980
4072	1981
4073	1981
4074	1982
4075	1982
4076	1982
4077	1983
4078	1983
4079	1984
4080	1985
4081	1986
4082	1986
4083	1986
4084	1987
4085	1988
4086	1989
4087	1989
4088	1989
4089	1989
4090	1990
4091	1990
4092	1990
4093	1990
4094	1991
4095	1991
4096	1992
4097	1992
4098	1993
4099	1994
4100	1994
4101	1994
4102	1995
4103	1995
4104	1996
4105	1996
4106	1996
4107	1997
4108	1997
4109	1997
4110	1997
4111	1997
4112	1997
4113	1997
4114	1997
4115	1997
4116	1997
4117	1997
4118	1998
4119	1998
4120	1999
4121	1999
4122	1999
4123	2000
4124	2001
4125	2001
4126	2001
4127	2002
4128	2002
4129	2003
4130	2004
4131	2005
4132	2005
4133	2005
4134	2006
4135	2007
4136	2008
4137	2009
4138	2010
4139	2011
4140	2012
4141	2012
4142	2012
4143	2013
4144	2014
4145	2014
4146	2014
4147	2014
4148	2015
4149	2016
4150	2016
4151	2017
4152	2018
4153	2019
4154	2019
4155	2019
4156	2020
4157	2020
4158	2021
4159	2022
4160	2022
4161	2023
4162	2023
4163	2023
4164	2023
4165	2024
4166	2025
4167	2026
4168	2026
4169	2027
4170	2027
4171	2028
4172	2028
4173	2028
4174	2029
4175	2030
4176	2030
4177	2031
4178	2032
4179	2033
4180	2034
4181	2034
4182	2035
4183	2035
4184	2035
4185	2035
4186	2036
4187	2037
4188	2037
4189	2038
4190	2039
4191	2039
4192	2039
4193	2040
4194	2041
4195	2042
4196	2042
4197	2042
4198	2042
4199	2042
4200	2042
4201	2042
4202	2042
4203	2043
4204	2043
4205	2043
4206	2044
4207	2045
4208	2046
4209	2046
4210	2047
4211	2047
4212	2048
4213	2049
4214	2049
4215	2049
4216	2049
4217	2049
4218	2050
4219	2051
4220	2052
4221	2052
4222	2052
4223	2053
4224	2053
4225	2054
4226	2055
4227	2055
4228	2056
4229	2056
4230	2056
4231	2056
4232	2056
4233	2056
4234	2056
4235	2056
4236	2056
4237	2056
4238	2057
4239	2057
4240	2058
4241	2058
4242	2058
4243	2058
4244	2058
4245	2059
4246	2059
4247	2060
4248	2061
4249	2061
4250	2061
4251	2061
4252	2062
4253	2063
4254	2063
4255	2064
4256	2064
4257	2064
4258	2065
4259	2065
4260	2065
4261	2066
4262	2066
4263	2066
4264	2067
4265	2068
4266	2068
4267	2068
4268	2068
4269	2068
4270	2068
4271	2068
4272	2068
4273	2068
4274	2069
4275	2070
4276	2071
4277	2072
4278	2072
4279	2073
4280	2073
4281	2073
4282	2074
4283	2075
4284	2076
4285	2076
4286	2077
4287	2078
4288	2079
4289	2080
4290	2080
4291	2080
4292	2081
4293	2082
4294	2083
4295	2084
4296	2085
4297	2086
4298	2086
4299	2087
4300	2087
4301	2087
4302	2088
4303	2089
4304	2090
4305	2090
4306	2091
4307	2091
4308	2091
4309	2091
4310	2091
4311	2092
4312	2092
4313	2092
4314	2093
4315	2094
4316	2095
4317	2095
4318	2095
4319	2095
4320	2095
4321	2096
4322	2096
4323	2096
4324	2097
4325	2097
4326	2098
4327	2099
4328	2100
4329	2101
4330	2101
4331	2102
4332	2102
4333	2102
4334	2102
4335	2103
4336	2104
4337	2105
4338	2106
4339	2107
4340	2107
4341	2107
4342	2108
4343	2108
4344	2109
4345	2109
4346	2109
4347	2110
4348	2111
4349	2112
4350	2113
4351	2113
4352	2113
4353	2114
4354	2115
4355	2116
4356	2117
4357	2118
4358	2118
4359	2119
4360	2120
4361	2121
4362	2121
4363	2121
4364	2122
4365	2123
4366	2124
4367	2124
4368	2124
4369	2125
4370	2126
4371	2127
4372	2127
4373	2127
4374	2127
4375	2128
4376	2128
4377	2128
4378	2128
4379	2129
4380	2129
4381	2129
4382	2130
4383	2130
4384	2130
4385	2131
4386	2131
4387	2132
4388	2133
4389	2134
4390	2134
4391	2134
4392	2135
4393	2135
4394	2135
4395	2135
4396	2136
4397	2136
4398	2136
4399	2136
4400	2137
4401	2137
4402	2138
4403	2138
4404	2138
4405	2139
4406	2140
4407	2140
4408	2141
4409	2141
4410	2142
4411	2142
4412	2143
4413	2143
4414	2143
4415	2143
4416	2144
4417	2144
4418	2145
4419	2145
4420	2145
4421	2146
4422	2147
4423	2147
4424	2147
4425	2147
4426	2148
4427	2149
4428	2149
4429	2150
4430	2150
4431	2150
4432	2151
4433	2152
4434	2153
4435	2153
4436	2153
4437	2153
4438	2153
4439	2154
4440	2154
4441	2154
4442	2154
4443	2155
4444	2156
4445	2156
4446	2157
4447	2158
4448	2158
4449	2158
4450	2159
4451	2160
4452	2160
4453	2160
4454	2161
4455	2162
4456	2163
4457	2164
4458	2165
4459	2165
4460	2165
4461	2165
4462	2166
4463	2166
4464	2167
4465	2167
4466	2168
4467	2169
4468	2169
4469	2169
4470	2169
4471	2170
4472	2170
4473	2170
4474	2170
4475	2171
4476	2172
4477	2172
4478	2172
4479	2173
4480	2174
4481	2174
4482	2174
4483	2175
4484	2176
4485	2176
4486	2176
4487	2176
4488	2176
4489	2176
4490	2176
4491	2176
4492	2176
4493	2176
4494	2176
