N	V
0	1
1	2
2	3
3	4
4	5
5	6
6	7
7	8
8	8
9	9
10	10
11	10
12	11
13	12
14	12
15	12
16	12
17	12
18	12
19	12
20	12
21	13
22	13
23	13
24	13
25	13
26	13
27	14
28	14
29	14
30	14
31	15
32	16
33	17
34	17
35	18
36	18
37	19
38	19
39	20
40	21
41	21
42	21
43	21
44	21
45	21
46	21
47	22
48	22
49	23
50	24
51	24
52	24
53	25
54	25
55	25
56	26
57	26
58	26
59	26
60	26
61	26
62	26
63	26
64	27
65	27
66	27
67	27
68	28
69	28
70	28
71	28
72	28
73	28
74	28
75	28
76	28
77	28
78	29
79	29
80	29
81	30
82	30
83	31
84	31
85	31
86	32
87	32
88	32
89	32
90	32
91	32
92	32
93	32
94	32
95	32
96	33
97	33
98	33
99	34
100	34
101	34
102	35
103	35
104	35
105	35
106	35
107	35
108	35
109	35
110	35
111	35
112	35
113	35
114	35
115	35
116	35
117	35
118	35
119	36
120	36
121	36
122	36
123	36
124	36
125	36
126	36
127	37
128	37
129	37
130	37
131	38
132	38
133	38
134	38
135	38
136	38
137	38
138	38
139	38
140	38
141	39
142	39
143	39
144	39
145	39
146	39
147	39
148	39
149	39
150	40
151	40
152	40
153	41
154	41
155	41
156	41
157	41
158	41
159	41
160	41
161	41
162	41
163	41
164	41
165	42
166	42
167	42
168	42
169	42
170	42
171	42
172	42
173	42
174	42
175	42
176	43
177	43
178	43
179	43
180	43
181	43
182	43
183	43
184	43
185	43
186	43
187	43
188	43
189	43
190	43
191	43
192	43
193	43
194	43
195	43
196	43
197	44
198	44
199	44
200	44
201	44
202	44
203	45
204	45
205	45
206	45
207	45
208	46
209	46
210	46
211	46
212	46
213	46
214	46
215	46
216	46
217	46
218	47
219	47
220	47
221	47
222	47
223	47
224	47
225	47
226	47
227	47
228	47
229	48
230	48
231	48
232	49
233	49
234	49
235	49
236	49
237	49
238	49
239	49
240	49
241	49
242	49
243	49
244	49
245	49
246	49
247	49
248	49
249	49
250	49
251	49
252	49
253	49
254	49
255	49
256	49
257	49
258	49
259	49
260	49
261	49
262	49
263	49
264	49
265	49
266	49
267	49
268	49
269	49
270	49
271	49
272	49
273	49
274	49
275	49
276	49
277	49
278	49
279	49
280	49
281	49
282	49
283	49
284	49
285	49
286	49
287	49
288	49
289	49
290	49
291	49
292	49
293	49
294	49
295	49
296	49
297	49
298	50
299	50
300	50
301	50
302	50
303	50
304	50
305	50
306	50
307	50
308	50
309	50
310	50
311	50
312	50
313	50
314	50
315	50
316	50
317	50
318	50
319	50
320	50
321	50
322	50
323	50
324	50
325	50
326	50
327	50
328	50
329	50
330	50
331	51
332	51
333	51
334	51
335	51
336	51
337	51
338	51
339	51
340	51
341	51
342	51
343	51
344	51
345	51
346	51
347	51
348	51
349	51
350	52
351	52
352	52
353	52
354	52
355	52
356	52
357	53
358	53
359	53
360	53
361	54
362	54
363	54
364	54
365	54
366	54
367	54
368	54
369	54
370	54
371	54
372	54
373	54
374	54
375	54
376	54
377	54
378	54
379	54
380	54
381	54
382	54
383	54
384	54
385	54
386	54
387	54
388	54
389	54
390	54
391	54
392	54
393	54
394	54
395	54
396	54
397	54
398	54
399	54
400	54
401	54
402	54
403	54
404	54
405	54
406	54
407	54
408	54
409	54
410	54
411	54
412	54
413	54
414	54
415	54
416	54
417	54
418	54
419	54
420	55
421	55
422	56
423	56
424	56
425	56
426	56
427	56
428	56
429	56
430	56
431	56
432	56
433	57
434	57
435	57
436	57
437	57
438	57
439	57
440	57
441	57
442	57
443	57
444	57
445	57
446	58
447	58
448	58
449	58
450	58
451	58
452	58
453	58
454	58
455	58
456	58
457	58
458	58
459	58
460	58
461	59
462	59
463	59
464	59
465	59
466	59
467	59
468	59
469	59
470	59
471	59
472	59
473	59
474	59
475	59
476	59
477	59
478	59
479	59
480	59
481	59
482	59
483	59
484	59
485	59
486	59
487	59
488	59
489	59
490	59
491	59
492	59
493	59
494	59
495	59
496	59
497	59
498	59
499	59
500	59
501	59
502	59
503	59
504	59
505	59
506	59
507	60
508	60
509	60
510	61
511	61
512	61
513	61
514	61
515	61
516	61
517	61
518	61
519	61
520	61
521	61
522	61
523	61
524	61
525	61
526	61
527	61
528	61
529	61
530	61
531	61
532	61
533	61
534	61
535	61
536	61
537	61
538	61
539	61
540	61
541	61
542	61
543	61
544	61
545	61
546	61
547	61
548	61
549	61
550	61
551	61
552	61
553	61
554	61
555	62
556	62
557	62
558	62
559	62
560	62
561	62
562	62
563	62
564	62
565	62
566	62
567	62
568	62
569	62
570	62
571	62
572	62
573	62
574	62
575	62
576	62
577	62
578	62
579	62
580	62
581	62
582	62
583	62
584	62
585	62
586	62
587	62
588	62
589	62
590	62
591	62
592	62
593	62
594	62
595	62
596	62
597	62
598	62
599	62
600	62
601	62
602	62
603	62
604	62
605	62
606	62
607	62
608	62
609	62
610	62
611	62
612	62
613	62
614	62
615	62
616	62
617	63
618	63
619	63
620	63
621	63
622	63
623	63
624	63
625	63
626	63
627	63
628	63
629	63
630	63
631	63
632	63
633	63
634	63
635	63
636	63
637	63
638	63
639	63
640	63
641	63
642	63
643	64
644	64
645	64
646	64
647	64
648	64
649	64
650	64
651	64
652	64
653	64
654	64
655	64
656	64
657	64
658	64
659	64
660	64
661	64
662	64
663	64
664	64
665	64
666	64
667	64
668	64
669	64
670	64
671	64
672	64
673	64
674	64
675	64
676	64
677	64
678	64
679	64
680	64
681	64
682	64
683	64
684	64
685	64
686	64
687	64
688	64
689	64
690	64
691	64
692	64
693	64
694	64
695	64
696	64
697	64
698	64
699	64
700	64
701	64
702	64
703	64
704	64
705	64
706	64
707	64
708	64
709	64
710	64
711	64
712	64
713	64
714	64
715	64
716	64
717	64
718	64
719	64
720	64
721	64
722	64
723	64
724	64
725	64
726	64
727	64
728	64
729	64
730	64
731	64
732	64
733	64
734	64
735	64
736	64
737	64
738	64
739	64
740	64
741	64
742	64
743	64
744	64
745	64
746	64
747	64
748	64
749	64
750	64
751	64
752	64
753	64
754	64
755	64
756	64
757	64
758	64
759	64
760	64
761	64
762	65
763	65
764	65
765	65
766	65
767	65
768	65
769	65
770	65
771	65
772	65
773	65
774	65
775	65
776	65
777	65
778	65
779	65
780	65
781	65
782	65
783	65
784	65
785	65
786	65
787	65
788	65
789	65
790	65
791	65
792	65
793	65
794	65
795	65
796	65
797	65
798	65
799	65
800	65
801	65
802	65
803	65
804	65
805	65
806	65
807	65
808	65
809	65
810	65
811	65
812	65
813	65
814	65
815	65
816	65
817	65
818	65
819	65
820	65
821	65
822	65
823	65
824	65
825	65
826	65
827	65
828	65
829	65
830	65
831	65
832	65
833	65
834	65
835	65
836	65
837	65
838	65
839	65
840	65
841	65
842	65
843	65
844	65
845	65
846	65
847	65
848	65
849	65
850	65
851	65
852	65
853	65
854	65
855	65
856	65
857	65
858	65
859	65
860	65
861	65
862	65
863	65
864	65
865	65
866	65
867	65
868	65
869	65
870	65
871	65
872	65
873	65
874	65
875	65
876	65
877	65
878	65
879	65
880	65
881	65
882	65
883	65
884	65
885	65
886	65
887	65
888	65
889	65
890	65
891	65
892	65
893	65
894	65
895	65
896	65
897	65
898	65
899	65
900	65
901	65
902	65
903	65
904	65
905	65
906	65
907	65
908	65
909	65
910	65
911	65
912	65
913	65
914	65
915	65
916	65
917	65
918	65
919	65
920	65
921	65
922	65
923	65
924	65
925	65
926	65
927	65
928	65
929	65
930	65
931	65
932	65
933	65
934	65
935	65
936	65
937	65
938	65
939	65
940	65
941	65
942	65
943	66
944	66
945	66
946	66
947	66
948	66
949	66
950	66
951	66
952	66
953	66
954	66
955	66
956	66
957	66
958	66
959	66
960	66
961	66
962	66
963	66
964	66
965	66
966	66
967	66
968	66
969	66
970	66
971	66
972	66
973	66
974	66
975	66
976	66
977	66
978	66
979	66
980	66
981	66
982	66
983	66
984	66
985	66
986	66
987	66
988	66
989	66
990	66
991	66
992	66
993	66
994	66
995	66
996	66
997	66
998	66
999	66
1000	66
1001	66
1002	66
1003	66
1004	66
1005	66
1006	66
1007	66
1008	66
1009	66
1010	66
1011	66
1012	66
1013	66
1014	66
1015	66
1016	66
1017	66
1018	66
1019	66
1020	66
1021	66
1022	66
1023	66
1024	66
1025	66
1026	66
1027	66
1028	66
1029	66
1030	66
1031	66
1032	66
1033	66
1034	66
1035	66
1036	66
1037	66
1038	66
1039	66
1040	66
1041	66
1042	66
1043	66
1044	66
1045	66
1046	66
1047	66
1048	66
1049	67
1050	67
1051	67
1052	68
1053	68
1054	68
1055	68
1056	68
1057	68
1058	68
1059	68
1060	68
1061	68
1062	68
1063	68
1064	68
1065	68
1066	68
1067	68
1068	68
1069	68
1070	68
1071	68
1072	68
1073	68
1074	68
1075	68
1076	68
1077	68
1078	68
1079	68
1080	68
1081	68
1082	68
1083	68
1084	68
1085	68
1086	68
1087	68
1088	68
1089	68
1090	68
1091	68
1092	68
1093	68
1094	68
1095	68
1096	68
1097	68
1098	68
1099	68
1100	68
1101	68
1102	68
1103	68
1104	68
1105	68
1106	68
1107	68
1108	68
1109	68
1110	68
1111	68
1112	68
1113	68
1114	68
1115	68
1116	68
1117	68
1118	68
1119	68
1120	68
1121	68
1122	68
1123	68
1124	68
1125	68
1126	68
1127	68
1128	68
1129	68
1130	68
1131	68
1132	68
1133	68
1134	68
1135	68
1136	68
1137	68
1138	68
1139	68
1140	68
1141	68
1142	68
1143	68
1144	68
1145	68
1146	68
1147	68
1148	68
1149	68
1150	68
1151	68
1152	68
1153	68
1154	68
1155	68
1156	68
1157	68
1158	68
1159	68
1160	68
1161	68
1162	68
1163	68
1164	68
1165	68
1166	68
1167	68
1168	68
1169	68
1170	68
1171	68
1172	68
1173	68
1174	68
1175	68
1176	68
1177	68
1178	68
1179	69
1180	69
1181	69
1182	69
1183	69
1184	69
1185	69
1186	69
1187	69
1188	69
1189	69
1190	69
1191	69
1192	69
1193	69
1194	69
1195	69
1196	69
1197	69
1198	69
1199	69
1200	69
1201	69
1202	69
1203	69
1204	69
1205	69
1206	69
1207	69
1208	69
1209	69
1210	69
1211	69
1212	69
1213	69
1214	69
1215	69
1216	69
1217	69
1218	69
1219	69
1220	69
1221	70
1222	70
1223	70
1224	70
1225	70
1226	70
1227	70
1228	70
1229	70
1230	70
1231	70
1232	70
1233	70
1234	70
1235	70
1236	70
1237	70
1238	70
1239	70
1240	70
1241	70
1242	70
1243	70
1244	70
1245	70
1246	70
1247	70
1248	70
1249	70
1250	70
1251	70
1252	70
1253	70
1254	70
1255	70
1256	70
1257	70
1258	70
1259	70
1260	70
1261	70
1262	70
1263	70
1264	70
1265	70
1266	70
1267	70
1268	70
1269	70
1270	70
1271	70
1272	70
1273	70
1274	70
1275	70
1276	70
1277	70
1278	70
1279	70
1280	70
1281	70
1282	70
1283	70
1284	70
1285	70
1286	70
1287	70
1288	70
1289	70
1290	70
1291	70
1292	70
1293	70
1294	70
1295	70
1296	70
1297	70
1298	70
1299	70
1300	70
1301	70
1302	70
1303	70
1304	70
1305	70
1306	70
1307	70
1308	70
1309	70
1310	70
1311	70
1312	70
1313	70
1314	70
1315	70
1316	70
1317	70
1318	70
1319	70
1320	70
1321	70
1322	70
1323	70
1324	70
1325	70
1326	70
1327	70
1328	70
1329	70
1330	70
1331	70
1332	70
1333	70
1334	70
1335	70
1336	70
1337	70
1338	70
1339	70
1340	70
1341	70
1342	70
1343	70
1344	70
1345	70
1346	70
1347	70
1348	70
1349	70
1350	70
1351	70
1352	70
1353	70
1354	70
1355	70
1356	70
1357	70
1358	70
1359	70
1360	70
1361	70
1362	70
1363	70
1364	70
1365	70
1366	70
1367	70
1368	70
1369	70
1370	70
1371	70
1372	70
1373	70
1374	70
1375	70
1376	70
1377	70
1378	70
1379	70
1380	70
1381	70
1382	70
1383	70
1384	70
1385	70
1386	70
1387	70
1388	70
1389	70
1390	70
1391	70
1392	70
1393	70
1394	70
1395	70
1396	70
1397	70
1398	70
1399	70
1400	70
1401	70
1402	70
1403	70
1404	70
1405	70
1406	70
1407	70
1408	70
1409	70
1410	70
1411	70
1412	70
1413	70
1414	70
1415	70
1416	70
1417	70
1418	70
1419	70
1420	70
1421	70
1422	70
1423	70
1424	70
1425	70
1426	70
1427	70
1428	70
1429	70
1430	70
1431	70
1432	70
1433	70
1434	70
1435	70
1436	70
1437	70
1438	70
1439	70
1440	70
1441	70
1442	70
1443	70
1444	70
1445	70
1446	70
1447	70
1448	70
1449	70
1450	70
1451	70
1452	70
1453	70
1454	70
1455	70
1456	70
1457	70
1458	70
1459	70
1460	70
1461	70
1462	70
1463	70
1464	70
1465	70
1466	70
1467	70
1468	70
1469	70
1470	70
1471	70
1472	70
1473	70
1474	70
1475	70
1476	70
1477	70
1478	70
1479	70
1480	70
1481	70
1482	70
1483	70
1484	70
1485	70
1486	70
1487	70
1488	70
1489	70
1490	70
1491	70
1492	70
1493	70
1494	70
1495	70
1496	70
1497	70
1498	70
1499	70
1500	70
1501	70
1502	70
1503	70
1504	70
1505	70
1506	70
1507	70
1508	70
1509	70
1510	70
1511	70
1512	70
1513	70
1514	70
1515	70
1516	70
1517	70
1518	70
1519	70
1520	70
1521	70
1522	70
1523	70
1524	70
1525	70
1526	70
1527	70
1528	70
1529	70
1530	70
1531	70
1532	70
1533	70
1534	70
1535	70
1536	70
1537	70
1538	70
1539	70
1540	70
1541	70
1542	70
1543	70
1544	70
1545	70
1546	70
1547	71
1548	71
1549	71
1550	71
1551	71
1552	71
1553	71
1554	71
1555	71
1556	71
1557	71
1558	71
1559	71
1560	71
1561	71
1562	71
1563	71
1564	71
1565	71
1566	71
1567	71
1568	71
1569	71
1570	71
1571	71
1572	71
1573	71
1574	71
1575	71
1576	71
1577	71
1578	71
1579	71
1580	71
1581	71
1582	71
1583	71
1584	71
1585	71
1586	71
1587	71
1588	71
1589	71
1590	71
1591	71
1592	71
1593	71
1594	71
1595	71
1596	71
1597	71
1598	71
1599	71
1600	71
1601	71
1602	71
1603	71
1604	71
1605	71
1606	71
1607	71
1608	71
1609	71
1610	71
1611	71
1612	71
1613	71
1614	71
1615	71
1616	71
1617	71
1618	71
1619	71
1620	71
1621	71
1622	71
1623	71
1624	71
1625	71
1626	71
1627	71
1628	71
1629	71
1630	71
1631	71
1632	71
1633	71
1634	71
1635	71
1636	71
1637	71
1638	71
1639	71
1640	71
1641	71
1642	71
1643	71
1644	71
1645	71
1646	71
1647	71
1648	71
1649	71
1650	71
1651	71
1652	71
1653	71
1654	71
1655	71
1656	71
1657	71
1658	71
1659	71
1660	71
1661	71
1662	71
1663	71
1664	71
1665	71
1666	71
1667	71
1668	71
1669	71
1670	71
1671	71
1672	71
1673	71
1674	71
1675	71
1676	71
1677	71
1678	71
1679	71
1680	71
1681	71
1682	71
1683	71
1684	71
1685	71
1686	71
1687	71
1688	71
1689	71
1690	71
1691	71
1692	71
1693	71
1694	71
1695	71
1696	71
1697	71
1698	71
1699	71
1700	71
1701	71
1702	71
1703	71
1704	71
1705	71
1706	71
1707	71
1708	71
1709	71
1710	71
1711	71
1712	71
1713	71
1714	71
1715	71
1716	71
1717	71
1718	71
1719	71
1720	71
1721	71
1722	71
1723	71
1724	71
1725	71
1726	71
1727	71
1728	71
1729	71
1730	71
1731	71
1732	71
1733	71
1734	71
1735	71
1736	71
1737	71
1738	71
1739	71
1740	71
1741	71
1742	71
1743	71
1744	71
1745	71
1746	71
1747	71
1748	71
1749	71
1750	71
1751	71
1752	71
1753	71
1754	71
1755	71
1756	71
1757	71
1758	71
1759	71
1760	71
1761	71
1762	71
1763	71
1764	71
1765	71
1766	71
1767	71
1768	71
1769	71
1770	71
1771	71
1772	71
1773	71
1774	71
1775	71
1776	71
1777	71
1778	71
1779	71
1780	71
1781	71
1782	71
1783	71
1784	71
1785	71
1786	71
1787	71
1788	71
1789	71
1790	71
1791	71
1792	71
1793	71
1794	71
1795	71
1796	71
1797	71
1798	71
1799	71
1800	71
1801	71
1802	71
1803	71
1804	71
1805	71
1806	71
1807	71
1808	71
1809	71
1810	71
1811	71
1812	71
1813	71
1814	71
1815	71
1816	71
1817	71
1818	71
1819	71
1820	71
1821	71
1822	71
1823	71
1824	71
1825	71
1826	71
1827	71
1828	71
1829	71
1830	71
1831	71
1832	71
1833	71
1834	71
1835	71
1836	71
1837	71
1838	71
1839	71
1840	71
1841	71
1842	71
1843	71
1844	71
1845	71
1846	71
1847	71
1848	71
1849	71
1850	71
1851	71
1852	71
1853	71
1854	71
1855	71
1856	71
1857	71
1858	71
1859	71
1860	71
1861	71
1862	71
1863	71
1864	71
1865	71
1866	71
1867	71
1868	72
1869	72
1870	72
1871	72
1872	72
1873	72
1874	72
1875	72
1876	72
1877	72
1878	72
1879	72
1880	72
1881	72
1882	72
1883	72
1884	72
1885	72
1886	72
1887	72
1888	72
1889	72
1890	72
1891	72
1892	72
1893	72
1894	72
1895	72
1896	72
1897	72
1898	72
1899	72
1900	72
1901	72
1902	72
1903	72
1904	72
1905	72
1906	72
1907	72
1908	72
1909	72
1910	72
1911	72
1912	72
1913	72
1914	72
1915	72
1916	72
1917	72
1918	72
1919	72
1920	72
1921	72
1922	72
1923	72
1924	72
1925	72
1926	72
1927	72
1928	72
1929	72
1930	72
1931	72
1932	72
1933	72
1934	72
1935	72
1936	72
1937	72
1938	72
1939	72
1940	72
1941	72
1942	72
1943	72
1944	72
1945	72
1946	73
1947	73
1948	73
1949	73
1950	73
1951	73
1952	73
1953	73
1954	73
1955	73
1956	73
1957	73
1958	73
1959	73
1960	73
1961	73
1962	73
1963	73
1964	73
1965	73
1966	73
1967	73
1968	73
1969	73
1970	73
1971	73
1972	73
1973	73
1974	73
1975	73
1976	73
1977	73
1978	73
1979	73
1980	73
1981	73
1982	73
1983	73
1984	73
1985	73
1986	73
1987	73
1988	73
1989	73
1990	73
1991	73
1992	73
1993	73
1994	73
1995	73
1996	73
1997	73
1998	73
1999	73
2000	73
2001	73
2002	73
2003	73
2004	73
2005	73
2006	73
2007	73
2008	73
2009	73
2010	73
2011	73
2012	73
2013	73
2014	73
2015	73
2016	73
2017	73
2018	73
2019	73
2020	73
2021	73
2022	73
2023	73
2024	73
2025	73
2026	73
2027	73
2028	73
2029	73
2030	73
2031	73
2032	73
2033	73
2034	73
2035	73
2036	73
2037	73
2038	73
2039	73
2040	73
2041	73
2042	73
2043	73
2044	73
2045	73
2046	73
2047	73
2048	73
2049	73
2050	73
2051	73
2052	73
2053	73
2054	73
2055	73
2056	73
2057	73
2058	73
2059	73
2060	73
2061	73
2062	73
2063	73
2064	73
2065	73
2066	73
2067	73
2068	73
2069	73
2070	73
2071	73
2072	73
2073	73
2074	73
2075	73
2076	73
2077	73
2078	73
2079	73
2080	73
2081	73
2082	73
2083	73
2084	73
2085	73
2086	73
2087	73
2088	73
2089	73
2090	73
2091	73
2092	73
2093	73
2094	73
2095	73
2096	73
2097	73
2098	73
2099	73
2100	73
2101	73
2102	73
2103	73
2104	73
2105	73
2106	73
2107	73
2108	73
2109	73
2110	73
2111	73
2112	73
2113	73
2114	73
2115	73
2116	73
2117	73
2118	73
2119	73
2120	73
2121	73
2122	73
2123	73
2124	73
2125	73
2126	73
2127	73
2128	73
2129	73
2130	73
2131	73
2132	73
2133	73
2134	73
2135	73
2136	73
2137	73
2138	73
2139	73
2140	73
2141	73
2142	73
2143	73
2144	73
2145	73
2146	73
2147	73
2148	73
2149	73
2150	73
2151	73
2152	73
2153	73
2154	73
2155	73
2156	73
2157	73
2158	73
2159	73
2160	73
2161	73
2162	73
2163	73
2164	73
2165	73
2166	73
2167	73
2168	73
2169	73
2170	73
2171	73
2172	73
2173	73
2174	73
2175	73
2176	73
2177	73
2178	73
2179	73
2180	73
2181	73
2182	73
2183	73
2184	73
2185	73
2186	73
2187	73
2188	73
2189	73
2190	73
2191	73
2192	73
2193	73
2194	73
2195	73
2196	73
2197	73
2198	73
2199	73
2200	73
2201	73
2202	73
2203	73
2204	73
2205	73
2206	73
2207	73
2208	73
2209	73
2210	73
2211	73
2212	73
2213	73
2214	73
2215	73
2216	73
2217	73
2218	73
2219	73
2220	73
2221	73
2222	73
2223	73
2224	73
2225	73
2226	73
2227	73
2228	73
2229	73
2230	73
2231	73
2232	74
2233	74
2234	74
2235	74
2236	74
2237	74
2238	74
2239	74
2240	74
2241	74
2242	74
2243	74
2244	74
2245	74
2246	74
2247	74
2248	74
2249	74
2250	74
2251	74
2252	74
2253	74
2254	74
2255	74
2256	74
2257	74
2258	74
2259	74
2260	74
2261	74
2262	74
2263	74
2264	74
2265	74
2266	74
2267	74
2268	74
2269	74
2270	74
2271	74
2272	74
2273	74
2274	74
2275	74
2276	74
2277	74
2278	74
2279	74
2280	74
2281	74
2282	74
2283	74
2284	74
2285	74
2286	74
2287	74
2288	74
2289	74
2290	74
2291	74
2292	74
2293	74
2294	74
2295	74
2296	74
2297	74
2298	74
2299	74
2300	74
2301	74
2302	74
2303	74
2304	74
2305	74
2306	74
2307	74
2308	74
2309	74
2310	74
2311	74
2312	74
2313	74
2314	74
2315	74
2316	74
2317	74
2318	74
2319	74
2320	74
2321	74
2322	74
2323	74
2324	74
2325	74
2326	74
2327	74
2328	74
2329	74
2330	74
2331	74
2332	74
2333	74
2334	74
2335	74
2336	74
2337	74
2338	74
2339	74
2340	74
2341	74
2342	74
2343	74
2344	74
2345	74
2346	74
2347	74
2348	74
2349	74
2350	74
2351	74
2352	74
2353	74
2354	74
2355	74
2356	74
2357	74
2358	74
2359	74
2360	74
2361	74
2362	74
2363	74
2364	74
2365	74
2366	74
2367	74
2368	74
2369	74
2370	74
2371	74
2372	74
2373	74
2374	74
2375	74
2376	74
2377	74
2378	74
2379	74
2380	74
2381	74
2382	74
2383	74
2384	74
2385	74
2386	74
2387	74
2388	74
2389	74
2390	74
2391	74
2392	74
2393	74
2394	74
2395	74
2396	74
2397	74
2398	74
2399	74
2400	74
2401	74
2402	74
2403	74
2404	74
2405	74
2406	74
2407	74
2408	74
2409	74
2410	74
2411	74
2412	74
2413	74
2414	74
2415	74
2416	74
2417	74
2418	74
2419	74
2420	74
2421	74
2422	74
2423	74
2424	74
2425	74
2426	74
2427	74
2428	74
2429	74
2430	74
2431	74
2432	74
2433	74
2434	74
2435	74
2436	74
2437	74
2438	74
2439	74
2440	74
2441	74
2442	74
2443	74
2444	74
2445	74
2446	74
2447	74
2448	74
2449	74
2450	74
2451	74
2452	74
2453	74
2454	74
2455	74
2456	74
2457	74
2458	74
2459	74
2460	74
2461	74
2462	74
2463	74
2464	74
2465	74
2466	74
2467	74
2468	74
2469	74
2470	74
2471	74
2472	74
2473	74
2474	74
2475	74
2476	74
2477	74
2478	74
2479	74
2480	74
2481	74
2482	74
2483	74
2484	74
2485	74
2486	74
2487	74
2488	74
2489	74
2490	74
2491	74
2492	74
2493	74
2494	74
2495	74
2496	74
2497	75
2498	76
2499	76
2500	76
2501	76
2502	76
2503	76
2504	76
2505	76
2506	76
2507	76
2508	76
2509	76
2510	76
2511	76
2512	76
2513	76
2514	76
2515	76
2516	76
2517	76
2518	76
2519	76
2520	76
2521	76
2522	76
2523	76
2524	76
2525	76
2526	76
2527	76
2528	76
2529	76
2530	76
2531	76
2532	76
2533	76
2534	76
2535	76
2536	76
2537	76
2538	76
2539	76
2540	76
2541	76
2542	76
2543	76
2544	76
2545	76
2546	76
2547	76
2548	76
2549	76
2550	76
2551	76
2552	76
2553	76
2554	76
2555	76
2556	76
2557	76
2558	76
2559	76
2560	76
2561	76
2562	76
2563	76
2564	76
2565	76
2566	76
2567	76
2568	76
2569	76
2570	76
2571	76
2572	76
2573	76
2574	76
2575	76
2576	76
2577	76
2578	76
2579	76
2580	76
2581	76
2582	76
2583	76
2584	76
2585	76
2586	76
2587	76
2588	76
2589	76
2590	76
2591	76
2592	76
2593	76
2594	76
2595	76
2596	76
2597	76
2598	76
2599	76
2600	76
2601	76
2602	76
2603	76
2604	77
2605	77
2606	77
2607	77
2608	77
2609	77
2610	77
2611	77
2612	77
2613	77
2614	77
2615	77
2616	77
2617	77
2618	77
2619	77
2620	77
2621	77
2622	77
2623	77
2624	77
2625	77
2626	77
2627	77
2628	77
2629	77
2630	77
2631	77
2632	77
2633	77
2634	77
2635	77
2636	77
2637	77
2638	77
2639	77
2640	77
2641	77
2642	77
2643	77
2644	77
2645	77
2646	77
2647	77
2648	77
2649	77
2650	77
2651	77
2652	77
2653	77
2654	77
2655	77
2656	77
2657	77
2658	77
2659	77
2660	77
2661	77
2662	77
2663	77
2664	77
2665	77
2666	77
2667	77
2668	77
2669	77
2670	77
2671	77
2672	77
2673	77
2674	77
2675	77
2676	77
2677	77
2678	77
2679	77
2680	77
2681	77
2682	77
2683	77
2684	77
2685	77
2686	77
2687	77
2688	77
2689	77
2690	77
2691	77
2692	77
2693	77
2694	77
2695	77
2696	77
2697	77
2698	77
2699	77
2700	77
2701	77
2702	77
2703	77
2704	77
2705	77
2706	77
2707	77
2708	77
2709	77
2710	77
2711	77
2712	77
2713	77
2714	77
2715	77
2716	77
2717	77
2718	77
2719	77
2720	77
2721	77
2722	77
2723	77
2724	77
2725	77
2726	77
2727	77
2728	77
2729	78
