N	V
0	1
1	2
2	3
3	4
4	5
5	6
6	6
7	6
8	6
9	6
10	7
11	8
12	9
13	9
14	9
15	9
16	10
17	10
18	10
19	11
20	11
21	12
22	12
23	13
24	14
25	14
26	14
27	14
28	14
29	15
30	15
31	16
32	16
33	16
34	16
35	17
36	18
37	18
38	18
39	19
40	19
41	19
42	19
43	19
44	19
45	20
46	20
47	20
48	20
49	20
50	20
51	21
52	21
53	21
54	22
55	22
56	22
57	22
58	22
59	23
60	23
61	23
62	23
63	24
64	24
65	24
66	24
67	24
68	24
69	24
70	24
71	24
72	24
73	25
74	25
75	25
76	25
77	25
78	25
79	25
80	25
81	25
82	26
83	26
84	26
85	27
86	28
87	28
88	28
89	28
90	28
91	28
92	29
93	29
94	30
95	31
96	31
97	31
98	32
99	32
100	32
101	33
102	33
103	33
104	33
105	33
106	33
107	33
108	33
109	33
110	34
111	34
112	34
113	34
114	34
115	34
116	34
117	34
118	34
119	34
120	34
121	35
122	35
123	35
124	35
125	35
126	35
127	35
128	35
129	35
130	35
131	35
132	35
133	35
134	35
135	35
136	35
137	35
138	35
139	35
140	35
141	36
142	36
143	36
144	36
145	36
146	36
147	37
148	37
149	37
150	37
151	37
152	37
153	37
154	37
155	38
156	38
157	38
158	38
159	38
160	38
161	38
162	38
163	38
164	38
165	38
166	38
167	38
168	38
169	38
170	38
171	38
172	38
173	38
174	38
175	38
176	38
177	38
178	38
179	38
180	38
181	38
182	38
183	38
184	38
185	38
186	38
187	38
188	38
189	38
190	38
191	38
192	38
193	38
194	38
195	38
196	38
197	38
198	38
199	38
200	39
201	39
202	40
203	40
204	40
205	40
206	40
207	40
208	40
209	40
210	40
211	40
212	40
213	40
214	40
215	40
216	41
217	41
218	41
219	41
220	41
221	42
222	42
223	42
224	42
225	42
226	42
227	42
228	42
229	42
230	42
231	42
232	42
233	42
234	42
235	42
236	42
237	42
238	42
239	42
240	42
241	42
242	42
243	42
244	42
245	42
246	42
247	43
248	43
249	43
250	44
251	44
252	44
253	44
254	45
255	45
256	45
257	45
258	45
259	45
260	45
261	45
262	45
263	45
264	45
265	45
266	45
267	45
268	45
269	45
270	45
271	45
272	45
273	45
274	45
275	45
276	45
277	45
278	45
279	45
280	45
281	45
282	45
283	46
284	46
285	46
286	46
287	46
288	46
289	46
290	46
291	46
292	46
293	46
294	46
295	46
296	46
297	47
298	48
299	48
300	49
301	49
302	49
303	50
304	50
305	50
306	50
307	50
308	50
309	50
310	50
311	50
312	50
313	50
314	50
315	50
316	50
317	50
318	50
319	50
320	50
321	50
322	50
323	50
324	50
325	50
326	50
327	50
328	50
329	50
330	50
331	50
332	50
333	51
334	52
335	52
336	52
337	52
338	52
339	52
340	52
341	52
342	52
343	52
344	53
345	54
346	54
347	54
348	54
349	54
350	54
351	54
352	54
353	54
354	54
355	54
356	54
357	54
358	54
359	54
360	54
361	54
362	54
363	54
364	54
365	54
366	54
367	54
368	54
369	54
370	54
371	54
372	54
373	54
374	54
375	54
376	54
377	54
378	54
379	54
380	55
381	55
382	55
383	55
384	55
385	55
386	55
387	55
388	56
389	56
390	56
391	56
392	56
393	56
394	56
395	56
396	56
397	56
398	56
399	56
400	56
401	56
402	56
403	56
404	56
405	56
406	56
407	56
408	56
409	56
410	56
411	56
412	56
413	56
414	56
415	56
416	56
417	56
418	56
419	56
420	56
421	56
422	56
423	56
424	56
425	56
426	56
427	56
428	56
429	56
430	56
431	56
432	56
433	56
434	56
435	56
436	56
437	56
438	56
439	56
440	56
441	56
442	56
443	56
444	56
445	56
446	56
447	56
448	56
449	56
450	56
451	56
452	56
453	56
454	56
455	56
456	56
457	56
458	56
459	56
460	56
461	56
462	56
463	57
464	57
465	57
466	57
467	57
468	57
469	57
470	57
471	57
472	58
473	58
474	58
475	58
476	58
477	58
478	58
479	58
480	58
481	58
482	58
483	58
484	58
485	58
486	58
487	58
488	58
489	58
490	58
491	58
492	58
493	58
494	58
495	58
496	58
497	58
498	58
499	59
500	59
501	59
502	59
503	59
504	59
505	59
506	59
507	59
508	59
509	60
510	60
511	60
512	60
513	60
514	60
515	60
516	60
517	60
518	61
519	61
520	61
521	61
522	61
523	61
524	61
525	61
526	61
527	61
528	61
529	61
530	61
531	61
532	61
533	61
534	61
535	61
536	61
537	61
538	61
539	61
540	61
541	61
542	61
543	61
544	61
545	61
546	61
547	61
548	61
549	61
550	61
551	61
552	61
553	61
554	61
555	61
556	61
557	61
558	61
559	61
560	61
561	61
562	61
563	61
564	61
565	61
566	61
567	61
568	61
569	61
570	61
571	61
572	61
573	61
574	61
575	61
576	61
577	61
578	61
579	61
580	61
581	61
582	62
583	62
584	62
585	63
586	63
587	63
588	63
589	63
590	63
591	63
592	63
593	63
594	63
595	63
596	63
597	63
598	63
599	63
600	63
601	63
602	63
603	63
604	63
605	63
606	63
607	63
608	63
609	63
610	63
611	63
612	63
613	63
614	63
615	63
616	63
617	63
618	63
619	64
620	64
621	64
622	64
623	64
624	64
625	64
626	64
627	64
628	64
629	64
630	64
631	64
632	64
633	64
634	64
635	64
636	64
637	64
638	64
639	64
640	64
641	64
642	64
643	64
644	64
645	64
646	64
647	64
648	65
649	65
650	65
651	65
652	65
653	65
654	65
655	65
656	65
657	65
658	65
659	65
660	65
661	65
662	66
663	66
664	66
665	66
666	66
667	66
668	66
669	66
670	66
671	66
672	66
673	66
674	66
675	66
676	66
677	66
678	66
679	66
680	66
681	66
682	66
683	66
684	66
685	66
686	66
687	66
688	66
689	66
690	66
691	66
692	66
693	66
694	66
695	66
696	66
697	66
698	66
699	66
700	66
701	66
702	66
703	66
704	66
705	66
706	66
707	66
708	66
709	66
710	66
711	66
712	66
713	66
714	66
715	66
716	66
717	66
718	66
719	66
720	66
721	66
722	66
723	66
724	66
725	66
726	66
727	66
728	66
729	66
730	66
731	66
732	66
733	66
734	66
735	66
736	66
737	66
738	66
739	66
740	66
741	66
742	66
743	66
744	66
745	66
746	67
747	67
748	67
749	67
750	67
751	67
752	67
753	67
754	67
755	67
756	67
757	67
758	67
759	67
760	67
761	67
762	67
763	67
764	67
765	67
766	67
767	67
768	67
769	67
770	67
771	67
772	67
773	67
774	67
775	67
776	67
777	68
778	68
779	68
780	68
781	68
782	68
783	68
784	68
785	68
786	68
787	68
788	68
789	68
790	68
791	68
792	68
793	68
794	68
795	68
796	68
797	68
798	68
799	68
800	68
801	68
802	68
803	68
804	68
805	68
806	68
807	68
808	68
809	68
810	68
811	68
812	68
813	69
814	69
815	69
816	69
817	69
818	69
819	69
820	69
821	69
822	69
823	69
824	69
825	69
826	69
827	69
828	69
829	69
830	69
831	69
832	69
833	69
834	69
835	69
836	69
837	70
838	70
839	70
840	70
841	70
842	70
843	70
844	70
845	70
846	70
847	70
848	70
849	70
850	70
851	70
852	70
853	70
854	70
855	70
856	70
857	70
858	70
859	70
860	70
861	70
862	70
863	70
864	70
865	70
866	70
867	70
868	70
869	70
870	70
871	70
872	70
873	70
874	70
875	70
876	70
877	70
878	70
879	70
880	70
881	70
882	70
883	70
884	70
885	70
886	70
887	70
888	70
889	70
890	70
891	70
892	70
893	70
894	70
895	70
896	70
897	70
898	70
899	70
900	70
901	70
902	70
903	70
904	70
905	70
906	70
907	70
908	70
909	70
910	70
911	70
912	70
913	70
914	70
915	70
916	70
917	70
918	70
919	70
920	70
921	70
922	70
923	70
924	70
925	70
926	70
927	70
928	70
929	70
930	70
931	70
932	70
933	70
934	70
935	70
936	70
937	70
938	70
939	70
940	70
941	70
942	70
943	70
944	70
945	70
946	70
947	70
948	70
949	70
950	70
951	70
952	70
953	70
954	70
955	70
956	70
957	70
958	70
959	70
960	70
961	70
962	70
963	70
964	70
965	70
966	70
967	70
968	70
969	70
970	70
971	70
972	70
973	70
974	70
975	70
976	70
977	70
978	70
979	70
980	70
981	70
982	70
983	70
984	70
985	70
986	70
987	70
988	70
989	70
990	70
991	70
992	70
993	70
994	70
995	70
996	70
997	70
998	70
999	70
1000	70
1001	70
1002	70
1003	70
1004	70
1005	70
1006	70
1007	71
1008	71
1009	71
1010	71
1011	71
1012	71
1013	71
1014	71
1015	71
1016	71
1017	71
1018	71
1019	71
1020	71
1021	71
1022	71
1023	71
1024	71
1025	71
1026	71
1027	71
1028	71
1029	71
1030	71
1031	71
1032	71
1033	71
1034	71
1035	71
1036	71
1037	71
1038	71
1039	71
1040	71
1041	71
1042	71
1043	71
1044	71
1045	71
1046	71
1047	71
1048	71
1049	71
1050	71
1051	71
1052	71
1053	71
1054	71
1055	71
1056	71
1057	71
1058	71
1059	71
1060	71
1061	71
1062	71
1063	71
1064	71
1065	71
1066	71
1067	71
1068	71
1069	71
1070	71
1071	71
1072	71
1073	71
1074	71
1075	71
1076	71
1077	71
1078	71
1079	71
1080	71
1081	71
1082	71
1083	71
1084	71
1085	71
1086	71
1087	71
1088	71
1089	71
1090	71
1091	71
1092	71
1093	71
1094	72
1095	72
1096	72
1097	72
1098	72
1099	72
1100	72
1101	72
1102	72
1103	72
1104	72
1105	72
1106	72
1107	72
1108	72
1109	73
1110	73
1111	73
1112	73
1113	73
1114	73
1115	73
1116	73
1117	73
1118	73
1119	73
1120	73
1121	73
1122	73
1123	73
1124	73
1125	73
1126	73
1127	73
1128	73
1129	73
1130	73
1131	73
1132	73
1133	73
1134	73
1135	73
1136	73
1137	73
1138	73
1139	73
1140	73
1141	73
1142	73
1143	73
1144	73
1145	73
1146	73
1147	73
1148	73
1149	73
1150	73
1151	73
1152	73
1153	73
1154	73
1155	73
1156	73
1157	73
1158	73
1159	73
1160	73
1161	73
1162	73
1163	73
1164	73
1165	74
1166	74
1167	74
1168	74
1169	74
1170	74
1171	74
1172	74
1173	74
1174	74
1175	74
1176	74
1177	74
1178	74
1179	74
1180	74
1181	74
1182	74
1183	74
1184	74
1185	74
1186	74
1187	74
1188	74
1189	74
1190	74
1191	74
1192	74
1193	74
1194	74
1195	74
1196	74
1197	74
1198	74
1199	74
1200	74
1201	74
1202	74
1203	74
1204	74
1205	74
1206	74
1207	74
1208	74
1209	74
1210	74
1211	74
1212	74
1213	74
1214	74
1215	74
1216	74
1217	74
1218	74
1219	74
1220	74
1221	74
1222	74
1223	75
1224	75
1225	75
1226	75
1227	75
1228	75
1229	75
1230	75
1231	75
1232	75
1233	75
1234	75
1235	75
1236	75
1237	75
1238	75
1239	75
1240	75
1241	75
1242	75
1243	75
1244	75
1245	75
1246	75
1247	75
1248	75
1249	75
1250	75
1251	75
1252	75
1253	75
1254	75
1255	75
1256	75
1257	75
1258	75
1259	75
1260	75
1261	75
1262	75
1263	75
1264	75
1265	75
1266	75
1267	75
1268	75
1269	75
1270	75
1271	75
1272	75
1273	75
1274	75
1275	75
1276	75
1277	75
1278	75
1279	75
1280	75
1281	75
1282	75
1283	75
1284	75
1285	75
1286	75
1287	75
1288	75
1289	75
1290	75
1291	75
1292	75
1293	75
1294	75
1295	75
1296	75
1297	75
1298	75
1299	75
1300	75
1301	75
1302	75
1303	75
1304	75
1305	75
1306	75
1307	75
1308	75
1309	75
1310	75
1311	75
1312	75
1313	75
1314	75
1315	75
1316	75
1317	75
1318	75
1319	75
1320	75
1321	76
1322	76
1323	76
1324	76
1325	76
1326	76
1327	76
1328	76
1329	76
1330	76
1331	76
1332	76
1333	76
1334	76
1335	76
1336	76
1337	76
1338	76
1339	76
1340	76
1341	76
1342	76
1343	76
1344	76
1345	76
1346	76
1347	76
1348	76
1349	76
1350	76
1351	76
1352	76
1353	76
1354	76
1355	76
1356	76
1357	76
1358	76
1359	76
1360	76
1361	76
1362	76
1363	76
1364	76
1365	76
1366	76
1367	76
1368	76
1369	76
1370	76
1371	77
1372	77
1373	77
1374	77
1375	77
1376	77
1377	77
1378	77
1379	77
1380	78
1381	78
1382	78
1383	78
1384	78
1385	78
1386	78
1387	79
1388	79
1389	79
1390	79
1391	79
1392	79
1393	79
1394	79
1395	79
1396	79
1397	79
1398	79
1399	79
1400	79
1401	79
1402	79
1403	79
1404	79
1405	79
1406	79
1407	79
1408	79
1409	79
1410	79
1411	79
1412	79
1413	79
1414	79
1415	79
1416	79
1417	79
1418	79
1419	79
1420	79
1421	79
1422	79
1423	79
1424	79
1425	79
1426	79
1427	79
1428	79
1429	79
1430	79
1431	79
1432	79
1433	79
1434	79
1435	79
1436	79
1437	79
1438	79
1439	79
1440	79
1441	79
1442	79
1443	79
1444	79
1445	79
1446	79
1447	79
1448	79
1449	79
1450	79
1451	79
1452	79
1453	80
1454	80
1455	80
1456	80
1457	80
1458	80
1459	80
1460	80
1461	80
1462	80
1463	80
1464	80
1465	80
1466	80
1467	80
1468	80
1469	80
1470	80
1471	80
1472	80
1473	80
1474	80
1475	80
1476	80
1477	80
1478	80
1479	80
1480	80
1481	80
1482	80
1483	80
1484	80
1485	80
1486	81
1487	81
1488	81
1489	81
1490	81
1491	81
1492	81
1493	81
1494	81
1495	81
1496	81
1497	81
1498	81
1499	81
1500	81
1501	81
1502	81
1503	81
1504	81
1505	81
1506	81
1507	81
1508	81
1509	81
1510	81
1511	81
1512	81
1513	81
1514	81
1515	81
1516	81
1517	81
1518	81
1519	81
1520	81
1521	81
1522	81
1523	81
1524	81
1525	81
1526	81
1527	81
1528	81
1529	81
1530	81
1531	81
1532	81
1533	81
1534	81
1535	81
1536	81
1537	81
1538	81
1539	81
1540	81
1541	81
1542	81
1543	81
1544	81
1545	81
1546	81
1547	81
1548	81
1549	81
1550	81
1551	81
1552	81
1553	81
1554	81
1555	81
1556	81
1557	81
1558	81
1559	81
1560	81
1561	81
1562	81
1563	81
1564	81
1565	81
1566	81
1567	81
1568	81
1569	81
1570	81
1571	81
1572	81
1573	81
1574	81
1575	81
1576	81
1577	81
1578	81
1579	81
1580	81
1581	81
1582	81
1583	81
1584	81
1585	81
1586	81
1587	81
1588	81
1589	81
1590	81
1591	81
1592	81
1593	81
1594	81
1595	81
1596	81
1597	81
1598	81
1599	81
1600	81
1601	81
1602	81
1603	81
1604	81
1605	81
1606	81
1607	81
1608	81
1609	81
1610	81
1611	81
1612	81
1613	81
1614	81
1615	81
1616	81
1617	81
1618	81
1619	81
1620	81
1621	81
1622	81
1623	81
1624	81
1625	81
1626	81
1627	81
1628	81
1629	81
1630	81
1631	81
1632	81
1633	81
1634	81
1635	81
1636	81
1637	81
1638	81
1639	81
1640	81
1641	81
1642	81
1643	81
1644	81
1645	81
1646	81
1647	81
1648	81
1649	81
1650	81
1651	81
1652	81
1653	81
1654	81
1655	81
1656	81
1657	81
1658	81
1659	81
1660	81
1661	81
1662	81
1663	81
1664	81
1665	81
1666	81
1667	81
1668	81
1669	81
1670	81
1671	81
1672	81
1673	81
1674	81
1675	81
1676	81
1677	81
1678	81
1679	81
1680	81
1681	81
1682	81
1683	81
1684	81
1685	81
1686	81
1687	81
1688	81
1689	81
1690	81
1691	81
1692	81
1693	81
1694	81
1695	81
1696	81
1697	81
1698	81
1699	81
1700	81
1701	81
1702	81
1703	81
1704	81
1705	81
1706	81
1707	81
1708	81
1709	81
1710	81
1711	81
1712	81
1713	81
1714	81
1715	81
1716	81
1717	81
1718	81
1719	81
1720	81
1721	81
1722	81
1723	81
1724	81
1725	81
1726	81
1727	81
1728	81
1729	81
1730	81
1731	81
1732	81
1733	81
1734	81
1735	81
1736	81
1737	81
1738	81
1739	81
1740	81
1741	81
1742	81
1743	81
1744	81
1745	81
1746	81
1747	81
1748	81
1749	81
1750	81
1751	81
1752	81
1753	81
1754	81
1755	81
1756	81
1757	81
1758	81
1759	81
1760	81
1761	81
1762	81
1763	81
1764	81
1765	81
1766	81
1767	81
1768	81
1769	81
1770	81
1771	81
1772	81
1773	81
1774	81
1775	81
1776	81
1777	81
1778	81
1779	81
1780	81
1781	81
1782	81
1783	81
1784	81
1785	81
1786	81
1787	81
1788	81
1789	81
1790	81
1791	81
1792	81
1793	81
1794	81
1795	81
1796	81
1797	81
1798	81
1799	81
1800	81
1801	81
1802	81
1803	81
1804	81
1805	81
1806	81
1807	81
1808	81
1809	81
1810	81
1811	81
1812	81
1813	81
1814	81
1815	81
1816	82
1817	82
1818	82
1819	82
1820	82
1821	82
1822	82
1823	82
1824	82
1825	82
1826	82
1827	82
1828	82
1829	82
1830	82
1831	82
1832	82
1833	82
1834	82
1835	82
1836	82
1837	82
1838	82
1839	82
1840	82
1841	82
1842	82
1843	82
1844	82
1845	82
1846	82
1847	82
1848	82
1849	82
1850	82
1851	82
1852	82
1853	82
1854	82
1855	82
1856	82
1857	82
1858	82
1859	82
1860	82
1861	82
1862	82
1863	82
1864	82
1865	82
1866	82
1867	82
1868	82
1869	82
1870	82
1871	82
1872	82
1873	82
1874	82
1875	82
1876	82
1877	82
1878	82
1879	82
1880	83
1881	83
1882	83
1883	83
1884	83
1885	83
1886	83
1887	83
1888	83
1889	83
1890	83
1891	83
1892	83
1893	83
1894	83
1895	83
1896	83
1897	83
1898	83
1899	83
1900	83
1901	83
1902	83
1903	83
1904	83
1905	83
1906	83
1907	83
1908	83
1909	83
1910	83
1911	83
1912	83
1913	83
1914	83
1915	83
1916	83
1917	83
1918	83
1919	83
1920	83
1921	83
1922	83
1923	83
1924	83
1925	83
1926	83
1927	83
1928	83
1929	83
1930	83
1931	83
1932	83
1933	83
1934	83
1935	83
1936	83
1937	83
1938	83
1939	83
1940	83
1941	83
1942	83
1943	83
1944	83
1945	83
1946	83
1947	83
1948	83
1949	83
1950	83
1951	83
1952	83
1953	83
1954	83
1955	83
1956	83
1957	83
1958	83
1959	83
1960	83
1961	83
1962	83
1963	83
1964	83
1965	83
1966	83
1967	83
1968	83
1969	83
1970	83
1971	83
1972	83
1973	83
1974	83
1975	83
1976	83
1977	83
1978	83
1979	83
1980	83
1981	83
1982	83
1983	83
1984	83
1985	83
1986	83
1987	83
1988	83
1989	83
1990	83
1991	83
1992	83
1993	83
1994	83
1995	83
1996	83
1997	83
1998	83
1999	83
2000	83
2001	83
2002	83
2003	83
2004	83
2005	83
2006	83
2007	83
2008	84
2009	84
2010	84
2011	84
2012	84
2013	84
2014	84
2015	84
2016	84
2017	84
2018	84
2019	84
2020	84
2021	84
2022	84
2023	84
2024	84
2025	84
2026	84
2027	84
2028	84
2029	84
2030	84
2031	84
2032	84
2033	84
2034	85
2035	85
2036	85
2037	85
2038	85
2039	85
2040	85
2041	85
2042	85
2043	85
2044	85
2045	85
2046	85
2047	85
2048	85
2049	85
2050	85
2051	85
2052	85
2053	85
2054	85
2055	85
2056	85
2057	85
2058	85
2059	85
2060	85
2061	85
2062	85
2063	85
2064	85
2065	85
2066	85
2067	85
2068	85
2069	85
2070	85
2071	85
2072	85
2073	85
2074	85
2075	85
2076	85
2077	85
2078	85
2079	85
2080	85
2081	85
2082	85
2083	85
2084	85
2085	85
2086	85
2087	85
2088	85
2089	85
2090	85
2091	85
2092	85
2093	85
2094	85
2095	85
2096	85
2097	85
2098	85
2099	85
2100	85
2101	85
2102	85
2103	85
2104	85
2105	85
2106	85
2107	85
2108	85
2109	85
2110	85
2111	85
2112	85
2113	85
2114	85
2115	85
2116	85
2117	85
2118	85
2119	85
2120	85
2121	85
2122	85
2123	85
2124	85
2125	85
2126	85
2127	85
2128	85
2129	85
2130	85
2131	85
2132	85
2133	85
2134	85
2135	85
2136	85
2137	85
2138	85
2139	85
2140	85
2141	85
2142	85
2143	85
2144	85
2145	85
2146	85
2147	85
2148	85
2149	85
2150	85
2151	85
2152	85
2153	85
2154	85
2155	85
2156	85
2157	85
2158	85
2159	85
2160	85
2161	85
2162	85
2163	85
2164	85
2165	85
2166	85
2167	85
2168	85
2169	85
2170	85
2171	85
2172	85
2173	85
2174	85
2175	85
2176	85
2177	85
2178	85
2179	85
2180	85
2181	85
2182	85
2183	85
2184	85
2185	85
2186	85
2187	85
2188	85
2189	85
2190	85
2191	85
2192	85
2193	85
2194	85
2195	85
2196	85
2197	86
2198	86
2199	86
2200	86
2201	86
2202	86
2203	86
2204	86
2205	86
2206	86
2207	86
2208	86
2209	86
2210	86
2211	86
2212	86
2213	86
2214	86
2215	86
2216	87
