N	V
0	1
1	2
2	3
3	4
4	5
5	6
6	6
7	6
8	6
9	6
10	7
11	8
12	9
13	9
14	10
15	10
16	11
17	11
18	12
19	12
20	13
21	13
22	14
23	14
24	14
25	15
26	16
27	16
28	16
29	16
30	17
31	17
32	18
33	18
34	18
35	18
36	18
37	18
38	18
39	18
40	18
41	18
42	18
43	19
44	19
45	19
46	19
47	19
48	19
49	19
50	19
51	20
52	20
53	20
54	21
55	22
56	22
57	23
58	23
59	23
60	23
61	24
62	25
63	25
64	25
65	25
66	25
67	25
68	25
69	25
70	25
71	26
72	26
73	26
74	26
75	26
76	27
77	27
78	27
79	27
80	27
81	27
82	27
83	27
84	27
85	28
86	28
87	28
88	28
89	28
90	28
91	28
92	28
93	28
94	28
95	28
96	28
97	28
98	28
99	28
100	28
101	28
102	29
103	29
104	29
105	29
106	29
107	29
108	29
109	29
110	29
111	29
112	29
113	29
114	29
115	29
116	29
117	29
118	29
119	29
120	29
121	29
122	29
123	29
124	30
125	30
126	30
127	30
128	30
129	30
130	30
131	30
132	30
133	31
134	31
135	31
136	32
137	32
138	32
139	33
140	33
141	33
142	33
143	33
144	33
145	33
146	33
147	33
148	33
149	34
150	34
151	35
152	35
153	35
154	35
155	35
156	35
157	35
158	35
159	35
160	35
161	35
162	36
163	36
164	36
165	36
166	36
167	36
168	36
169	36
170	36
171	36
172	36
173	36
174	37
175	37
176	37
177	37
178	37
179	37
180	37
181	37
182	37
183	37
184	37
185	37
186	37
187	37
188	37
189	37
190	37
191	38
192	38
193	38
194	38
195	39
196	39
197	39
198	40
199	40
200	40
201	40
202	40
203	40
204	41
205	41
206	41
207	41
208	41
209	41
210	41
211	41
212	41
213	41
214	41
215	41
216	41
217	41
218	41
219	41
220	41
221	41
222	41
223	41
224	41
225	41
226	42
227	42
228	42
229	42
230	42
231	42
232	43
233	43
234	43
235	43
236	43
237	43
238	43
239	43
240	43
241	43
242	43
243	43
244	43
245	43
246	43
247	43
248	43
249	43
250	44
251	44
252	44
253	44
254	44
255	44
256	44
257	44
258	44
259	44
260	44
261	44
262	44
263	45
264	45
265	46
266	46
267	46
268	46
269	46
270	46
271	46
272	46
273	46
274	46
275	46
276	46
277	46
278	47
279	47
280	47
281	47
282	47
283	47
284	47
285	47
286	47
287	47
288	47
289	47
290	47
291	47
292	47
293	47
294	47
295	47
296	47
297	47
298	47
299	47
300	48
301	48
302	48
303	48
304	48
305	48
306	48
307	48
308	48
309	48
310	48
311	48
312	48
313	48
314	48
315	48
316	48
317	48
318	48
319	48
320	48
321	48
322	48
323	48
324	48
325	48
326	48
327	48
328	48
329	48
330	48
331	48
332	48
333	49
334	49
335	49
336	49
337	49
338	49
339	49
340	49
341	49
342	49
343	49
344	49
345	49
346	49
347	49
348	49
349	49
350	49
351	49
352	49
353	49
354	49
355	49
356	49
357	49
358	49
359	49
360	49
361	49
362	49
363	49
364	49
365	49
366	49
367	49
368	49
369	49
370	49
371	49
372	49
373	50
374	50
375	50
376	50
377	50
378	50
379	50
380	51
381	51
382	51
383	51
384	51
385	51
386	51
387	51
388	51
389	51
390	51
391	51
392	51
393	51
394	51
395	51
396	51
397	51
398	51
399	51
400	51
401	51
402	51
403	51
404	51
405	51
406	51
407	51
408	51
409	51
410	51
411	51
412	51
413	51
414	51
415	51
416	51
417	51
418	51
419	51
420	51
421	51
422	51
423	51
424	51
425	51
426	51
427	51
428	51
429	51
430	51
431	51
432	51
433	51
434	51
435	51
436	51
437	51
438	52
439	53
440	53
441	53
442	53
443	53
444	53
445	53
446	53
447	53
448	53
449	53
450	53
451	53
452	53
453	54
454	54
455	54
456	54
457	54
458	54
459	54
460	54
461	54
462	54
463	54
464	54
465	54
466	54
467	54
468	54
469	54
470	54
471	54
472	54
473	54
474	54
475	54
476	54
477	54
478	54
479	54
480	54
481	54
482	54
483	54
484	54
485	54
486	54
487	54
488	54
489	54
490	54
491	54
492	54
493	54
494	55
495	55
496	55
497	55
498	55
499	56
500	56
501	56
502	56
503	56
504	56
505	56
506	56
507	56
508	56
509	56
510	56
511	56
512	56
513	56
514	56
515	56
516	56
517	56
518	56
519	56
520	56
521	56
522	56
523	56
524	56
525	56
526	56
527	56
528	56
529	56
530	56
531	56
532	56
533	56
534	56
535	56
536	56
537	56
538	56
539	56
540	56
541	56
542	56
543	56
544	56
545	56
546	56
547	56
548	56
549	56
550	56
551	56
552	56
553	56
554	56
555	56
556	56
557	56
558	56
559	56
560	56
561	56
562	56
563	56
564	56
565	56
566	56
567	56
568	56
569	56
570	56
571	56
572	56
573	56
574	56
575	56
576	56
577	56
578	56
579	56
580	56
581	56
582	56
583	56
584	56
585	56
586	56
587	56
588	56
589	56
590	56
591	56
592	56
593	56
594	56
595	56
596	56
597	56
598	56
599	56
600	56
601	56
602	56
603	56
604	56
605	56
606	56
607	56
608	56
609	56
610	56
611	56
612	56
613	56
614	56
615	56
616	56
617	56
618	56
619	56
620	56
621	56
622	57
623	57
624	57
625	57
626	57
627	57
628	57
629	57
630	57
631	57
632	57
633	57
634	57
635	57
636	57
637	57
638	57
639	57
640	57
641	57
642	57
643	57
644	57
645	57
646	57
647	57
648	57
649	57
650	57
651	57
652	57
653	57
654	57
655	57
656	57
657	57
658	57
659	57
660	57
661	57
662	57
663	57
664	57
665	57
666	57
667	57
668	57
669	57
670	57
671	57
672	57
673	57
674	57
675	57
676	57
677	57
678	57
679	57
680	57
681	57
682	57
683	57
684	58
685	58
686	58
687	58
688	58
689	58
690	58
691	58
692	58
693	58
694	58
695	58
696	58
697	58
698	58
699	58
700	58
701	58
702	58
703	58
704	58
705	58
706	58
707	58
708	58
709	58
710	58
711	58
712	58
713	58
714	59
715	59
716	59
717	59
718	59
719	59
720	59
721	59
722	59
723	59
724	60
725	60
726	60
727	60
728	60
729	60
730	60
731	60
732	60
733	60
734	60
735	60
736	60
737	60
738	60
739	60
740	60
741	60
742	60
743	60
744	60
745	60
746	60
747	60
748	60
749	60
750	60
751	60
752	60
753	60
754	60
755	60
756	60
757	60
758	60
759	60
760	60
761	60
762	60
763	60
764	60
765	60
766	60
767	60
768	60
769	60
770	60
771	60
772	60
773	60
774	60
775	60
776	60
777	60
778	60
779	60
780	60
781	60
782	61
783	61
784	62
785	62
786	62
787	62
788	63
789	63
790	63
791	63
792	63
793	63
794	63
795	63
796	63
797	63
798	63
799	63
800	63
801	63
802	63
803	63
804	63
805	63
806	63
807	63
808	63
809	63
810	63
811	63
812	63
813	63
814	63
815	63
816	63
817	63
818	63
819	63
820	63
821	63
822	63
823	63
824	63
825	63
826	63
827	63
828	63
829	63
830	63
831	63
832	63
833	63
834	63
835	63
836	63
837	63
838	63
839	63
840	63
841	63
842	63
843	63
844	63
845	63
846	64
847	64
848	64
849	64
850	64
851	64
852	64
853	64
854	64
855	64
856	64
857	64
858	64
859	64
860	64
861	64
862	64
863	64
864	64
865	64
866	64
867	64
868	64
869	64
870	64
871	64
872	64
873	64
874	64
875	64
876	64
877	64
878	64
879	64
880	64
881	64
882	64
883	64
884	64
885	64
886	64
887	64
888	64
889	64
890	64
891	64
892	64
893	64
894	64
895	64
896	64
897	64
898	64
899	64
900	64
901	64
902	64
903	64
904	64
905	64
906	64
907	64
908	64
909	64
910	64
911	64
912	64
913	64
914	64
915	64
916	64
917	64
918	64
919	64
920	64
921	64
922	64
923	64
924	64
925	64
926	64
927	64
928	64
929	64
930	64
931	64
932	64
933	64
934	64
935	64
936	64
937	64
938	64
939	64
940	64
941	65
942	65
943	65
944	65
945	65
946	65
947	65
948	65
949	65
950	65
951	65
952	65
953	65
954	65
955	65
956	65
957	65
958	65
959	65
960	65
961	65
962	65
963	65
964	65
965	65
966	65
967	65
968	65
969	65
970	65
971	65
972	65
973	65
974	65
975	65
976	65
977	65
978	65
979	65
980	65
981	65
982	65
983	65
984	65
985	66
986	66
987	66
988	66
989	66
990	66
991	66
992	66
993	66
994	66
995	66
996	66
997	66
998	66
999	66
1000	66
1001	66
1002	66
1003	66
1004	66
1005	66
1006	66
1007	66
1008	66
1009	66
1010	66
1011	66
1012	66
1013	66
1014	66
1015	66
1016	66
1017	66
1018	66
1019	66
1020	66
1021	66
1022	66
1023	66
1024	66
1025	66
1026	66
1027	66
1028	66
1029	66
1030	66
1031	66
1032	66
1033	66
1034	66
1035	66
1036	66
1037	66
1038	66
1039	66
1040	66
1041	66
1042	66
1043	66
1044	66
1045	66
1046	66
1047	66
1048	66
1049	66
1050	66
1051	66
1052	66
1053	66
1054	66
1055	66
1056	66
1057	66
1058	66
1059	66
1060	66
1061	66
1062	66
1063	66
1064	66
1065	66
1066	66
1067	66
1068	66
1069	66
1070	66
1071	67
1072	67
1073	67
1074	67
1075	67
1076	67
1077	67
1078	67
1079	67
1080	67
1081	67
1082	67
1083	67
1084	67
1085	67
1086	67
1087	67
1088	67
1089	67
1090	67
1091	67
1092	68
1093	68
1094	68
1095	68
1096	68
1097	68
1098	68
1099	68
1100	68
1101	68
1102	68
1103	68
1104	68
1105	68
1106	68
1107	68
1108	69
1109	69
1110	69
1111	69
1112	69
1113	69
1114	69
1115	69
1116	69
1117	69
1118	69
1119	69
1120	69
1121	69
1122	69
1123	69
1124	69
1125	69
1126	69
1127	69
1128	69
1129	69
1130	69
1131	69
1132	69
1133	69
1134	69
1135	69
1136	69
1137	69
1138	69
1139	69
1140	69
1141	69
1142	70
1143	70
1144	70
1145	70
1146	70
1147	70
1148	70
1149	70
1150	70
1151	70
1152	70
1153	70
1154	70
1155	70
1156	70
1157	70
1158	70
1159	70
1160	70
1161	70
1162	70
1163	70
1164	70
1165	70
1166	70
1167	70
1168	70
1169	70
1170	70
1171	70
1172	70
1173	70
1174	70
1175	70
1176	70
1177	70
1178	70
1179	70
1180	70
1181	70
1182	70
1183	70
1184	70
1185	70
1186	70
1187	70
1188	70
1189	70
1190	70
1191	70
1192	70
1193	70
1194	70
1195	70
1196	70
1197	70
1198	70
1199	70
1200	70
1201	70
1202	70
1203	71
1204	71
1205	72
1206	72
1207	72
1208	72
1209	72
1210	72
1211	72
1212	72
1213	72
1214	72
1215	72
1216	72
1217	72
1218	72
1219	72
1220	72
1221	72
1222	72
1223	72
1224	72
1225	72
1226	72
1227	72
1228	72
1229	72
1230	72
1231	72
1232	72
1233	72
1234	72
1235	72
1236	72
1237	72
1238	72
1239	72
1240	72
1241	72
1242	72
1243	72
1244	72
1245	72
1246	72
1247	72
1248	72
1249	72
1250	72
1251	72
1252	72
1253	72
1254	72
1255	72
1256	72
1257	72
1258	72
1259	72
1260	72
1261	72
1262	72
1263	72
1264	72
1265	72
1266	72
1267	72
1268	72
1269	72
1270	72
1271	72
1272	72
1273	72
1274	72
1275	72
1276	72
1277	72
1278	72
1279	72
1280	72
1281	72
1282	72
1283	72
1284	72
1285	72
1286	72
1287	72
1288	72
1289	72
1290	72
1291	72
1292	72
1293	72
1294	72
1295	72
1296	72
1297	72
1298	72
1299	72
1300	72
1301	72
1302	72
1303	72
1304	72
1305	72
1306	72
1307	72
1308	72
1309	72
1310	72
1311	72
1312	72
1313	72
1314	72
1315	72
1316	72
1317	72
1318	72
1319	72
1320	72
1321	72
1322	72
1323	72
1324	72
1325	72
1326	72
1327	72
1328	72
1329	72
1330	72
1331	72
1332	72
1333	72
1334	72
1335	72
1336	72
1337	72
1338	72
1339	72
1340	72
1341	72
1342	72
1343	72
1344	72
1345	72
1346	72
1347	72
1348	72
1349	72
1350	72
1351	72
1352	72
1353	72
1354	72
1355	72
1356	72
1357	72
1358	72
1359	72
1360	72
1361	72
1362	72
1363	72
1364	72
1365	72
1366	72
1367	72
1368	72
1369	72
1370	72
1371	72
1372	72
1373	72
1374	72
1375	72
1376	72
1377	72
1378	72
1379	72
1380	72
1381	72
1382	72
1383	72
1384	72
1385	72
1386	72
1387	72
1388	72
1389	72
1390	72
1391	72
1392	72
1393	72
1394	72
1395	72
1396	72
1397	73
1398	73
1399	73
1400	73
1401	73
1402	73
1403	73
1404	73
1405	73
1406	73
1407	73
1408	73
1409	73
1410	73
1411	73
1412	73
1413	73
1414	73
1415	73
1416	73
1417	73
1418	73
1419	73
1420	73
1421	73
1422	73
1423	73
1424	73
1425	73
1426	73
1427	73
1428	73
1429	73
1430	73
1431	73
1432	73
1433	73
1434	73
1435	73
1436	73
1437	73
1438	73
1439	73
1440	73
1441	73
1442	73
1443	73
1444	73
1445	73
1446	73
1447	73
1448	73
1449	73
1450	73
1451	73
1452	73
1453	73
1454	73
1455	73
1456	73
1457	73
1458	73
1459	73
1460	73
1461	73
1462	73
1463	73
1464	73
1465	73
1466	73
1467	73
1468	73
1469	73
1470	73
1471	73
1472	73
1473	73
1474	73
1475	73
1476	73
1477	73
1478	73
1479	73
1480	73
1481	73
1482	73
1483	73
1484	73
1485	73
1486	73
1487	73
1488	73
1489	73
1490	73
1491	73
1492	73
1493	73
1494	73
1495	73
1496	73
1497	73
1498	73
1499	73
1500	73
1501	73
1502	73
1503	73
1504	73
1505	73
1506	73
1507	73
1508	73
1509	73
1510	73
1511	73
1512	73
1513	73
1514	73
1515	73
1516	73
1517	73
1518	73
1519	73
1520	73
1521	73
1522	73
1523	73
1524	73
1525	73
1526	73
1527	73
1528	73
1529	73
1530	73
1531	73
1532	73
1533	73
1534	73
1535	73
1536	73
1537	73
1538	73
1539	73
1540	73
1541	73
1542	73
1543	73
1544	73
1545	73
1546	73
1547	73
1548	73
1549	73
1550	73
1551	73
1552	73
1553	73
1554	73
1555	73
1556	73
1557	73
1558	73
1559	73
1560	73
1561	73
1562	73
1563	73
1564	73
1565	73
1566	73
1567	73
1568	73
1569	73
1570	73
1571	73
1572	73
1573	73
1574	73
1575	73
1576	73
1577	73
1578	73
1579	73
1580	73
1581	73
1582	73
1583	73
1584	73
1585	73
1586	73
1587	73
1588	73
1589	73
1590	73
1591	73
1592	73
1593	73
1594	73
1595	73
1596	73
1597	73
1598	73
1599	73
1600	73
1601	73
1602	73
1603	73
1604	73
1605	73
1606	73
1607	73
1608	73
1609	73
1610	73
1611	73
1612	73
1613	73
1614	73
1615	73
1616	73
1617	73
1618	73
1619	73
1620	73
1621	73
1622	73
1623	73
1624	73
1625	73
1626	73
1627	73
1628	73
1629	73
1630	73
1631	73
1632	73
1633	73
1634	73
1635	73
1636	73
1637	73
1638	73
1639	73
1640	73
1641	73
1642	73
1643	73
1644	73
1645	73
1646	73
1647	73
1648	73
1649	73
1650	73
1651	73
1652	73
1653	73
1654	73
1655	73
1656	73
1657	73
1658	73
1659	73
1660	73
1661	73
1662	73
1663	73
1664	73
1665	73
1666	73
1667	73
1668	73
1669	73
1670	73
1671	73
1672	73
1673	73
1674	73
1675	73
1676	73
1677	73
1678	73
1679	73
1680	73
1681	73
1682	73
1683	73
1684	73
1685	73
1686	73
1687	73
1688	73
1689	73
1690	73
1691	73
1692	73
1693	73
1694	73
1695	73
1696	73
1697	73
1698	73
1699	73
1700	73
1701	73
1702	73
1703	73
1704	73
1705	73
1706	73
1707	73
1708	73
1709	73
1710	73
1711	73
1712	73
1713	73
1714	73
1715	73
1716	73
1717	73
1718	73
1719	73
1720	73
1721	73
1722	73
1723	73
1724	73
1725	73
1726	73
1727	73
1728	73
1729	73
1730	73
1731	73
1732	73
1733	73
1734	73
1735	73
1736	73
1737	73
1738	73
1739	73
1740	73
1741	73
1742	73
1743	73
1744	73
1745	73
1746	73
1747	73
1748	73
1749	73
1750	73
1751	73
1752	73
1753	73
1754	73
1755	73
1756	73
1757	73
1758	73
1759	73
1760	73
1761	73
1762	73
1763	73
1764	73
1765	73
1766	73
1767	73
1768	73
1769	73
1770	73
1771	73
1772	73
1773	73
1774	73
1775	73
1776	73
1777	73
1778	73
1779	73
1780	73
1781	73
1782	73
1783	73
1784	73
1785	73
1786	73
1787	73
1788	73
1789	73
1790	73
1791	73
1792	73
1793	73
1794	73
1795	73
1796	73
1797	73
1798	73
1799	73
1800	73
1801	73
1802	73
1803	73
1804	73
1805	73
1806	73
1807	73
1808	73
1809	73
1810	73
1811	73
1812	73
1813	73
1814	73
1815	73
1816	73
1817	73
1818	73
1819	73
1820	73
1821	73
1822	73
1823	73
1824	73
1825	73
1826	73
1827	73
1828	73
1829	73
1830	73
1831	73
1832	73
1833	73
1834	73
1835	73
1836	73
1837	73
1838	73
1839	73
1840	73
1841	73
1842	73
1843	73
1844	73
1845	73
1846	73
1847	73
1848	73
1849	73
1850	73
1851	73
1852	73
1853	73
1854	73
1855	73
1856	73
1857	73
1858	73
1859	73
1860	73
1861	73
1862	74
1863	74
1864	74
1865	74
1866	74
1867	74
1868	74
1869	74
1870	74
1871	74
1872	74
1873	74
1874	74
1875	74
1876	74
1877	74
1878	74
1879	74
1880	74
1881	74
1882	74
1883	74
1884	74
1885	74
1886	74
1887	74
1888	74
1889	74
1890	74
1891	74
1892	74
1893	74
1894	74
1895	74
1896	74
1897	74
1898	74
1899	74
1900	74
1901	74
1902	74
1903	74
1904	74
1905	74
1906	74
1907	74
1908	74
1909	74
1910	74
1911	74
1912	74
1913	74
1914	74
1915	74
1916	74
1917	74
1918	74
1919	74
1920	74
1921	74
1922	74
1923	74
1924	74
1925	74
1926	74
1927	74
1928	74
1929	74
1930	74
1931	74
1932	74
1933	74
1934	74
1935	74
1936	74
1937	74
1938	74
1939	74
1940	74
1941	74
1942	74
1943	74
1944	74
1945	74
1946	74
1947	74
1948	74
1949	74
1950	74
1951	74
1952	74
1953	74
1954	74
1955	74
1956	74
1957	74
1958	74
1959	74
1960	74
1961	74
1962	74
1963	74
1964	74
1965	74
1966	74
1967	74
1968	74
1969	74
1970	74
1971	74
1972	74
1973	74
1974	74
1975	74
1976	74
1977	74
1978	74
1979	74
1980	74
1981	74
1982	74
1983	74
1984	74
1985	74
1986	74
1987	74
1988	74
1989	74
1990	74
1991	74
1992	74
1993	74
1994	74
1995	74
1996	74
1997	74
1998	74
1999	74
2000	74
2001	74
2002	74
2003	74
2004	74
2005	74
2006	74
2007	74
2008	74
2009	74
2010	74
2011	74
2012	74
2013	74
2014	74
2015	74
2016	74
2017	74
2018	74
2019	74
2020	74
2021	74
2022	74
2023	74
2024	74
2025	74
2026	74
2027	74
2028	74
2029	74
2030	74
2031	74
2032	74
2033	74
2034	74
2035	74
2036	74
2037	74
2038	74
2039	74
2040	74
2041	74
2042	74
2043	74
2044	74
2045	74
2046	74
2047	74
2048	74
2049	74
2050	74
2051	74
2052	74
2053	74
2054	74
2055	74
2056	74
2057	74
2058	74
2059	74
2060	74
2061	74
2062	74
2063	74
2064	74
2065	74
2066	74
2067	74
2068	74
2069	74
2070	74
2071	74
2072	74
2073	74
2074	74
2075	74
2076	74
2077	74
2078	74
2079	74
2080	74
2081	74
2082	74
2083	74
2084	74
2085	74
2086	74
2087	74
2088	74
2089	74
2090	74
2091	74
2092	74
2093	74
2094	74
2095	74
2096	74
2097	74
2098	74
2099	74
2100	74
2101	74
2102	74
2103	74
2104	74
2105	74
2106	74
2107	74
2108	74
2109	74
2110	74
2111	74
2112	74
2113	74
2114	74
2115	74
2116	74
2117	74
2118	74
2119	74
2120	74
2121	74
2122	74
2123	74
2124	74
2125	74
2126	74
2127	74
2128	74
2129	74
2130	74
2131	74
2132	74
2133	74
2134	74
2135	74
2136	74
2137	74
2138	74
2139	74
2140	74
2141	74
2142	74
2143	74
2144	74
2145	74
2146	74
2147	74
2148	74
2149	74
2150	74
2151	74
2152	74
2153	74
2154	74
2155	74
2156	74
2157	74
2158	74
2159	74
2160	74
2161	74
2162	74
2163	74
2164	74
2165	74
2166	74
2167	74
2168	74
2169	74
2170	74
2171	74
2172	74
2173	74
2174	74
2175	74
2176	74
2177	74
2178	74
2179	74
2180	74
2181	74
2182	74
2183	74
2184	74
2185	74
2186	74
2187	74
2188	74
2189	74
2190	74
2191	74
2192	74
2193	74
2194	74
2195	74
2196	74
2197	74
2198	74
2199	74
2200	74
2201	74
2202	74
2203	74
2204	74
2205	74
2206	74
2207	74
2208	74
2209	74
2210	74
2211	74
2212	74
2213	74
2214	74
2215	74
2216	74
2217	74
2218	74
2219	74
2220	74
2221	74
2222	74
2223	74
2224	74
2225	74
2226	74
2227	74
2228	74
2229	74
2230	74
2231	74
2232	74
2233	74
2234	74
2235	74
2236	74
2237	74
2238	74
2239	74
2240	74
2241	74
2242	74
2243	74
2244	74
2245	74
2246	74
2247	74
2248	74
2249	74
2250	74
2251	74
2252	74
2253	74
2254	74
2255	74
2256	74
2257	74
2258	74
2259	74
2260	74
2261	74
2262	74
2263	74
2264	74
2265	74
2266	74
2267	74
2268	74
2269	74
2270	74
2271	74
2272	74
2273	74
2274	74
2275	74
2276	74
2277	74
2278	74
2279	74
2280	74
2281	74
2282	74
2283	74
2284	74
2285	74
2286	74
2287	74
2288	74
2289	74
2290	74
2291	74
2292	74
2293	74
2294	74
2295	74
2296	74
2297	74
2298	74
2299	74
2300	74
2301	74
2302	74
2303	74
2304	74
2305	74
2306	74
2307	74
2308	74
2309	74
2310	74
2311	74
2312	74
2313	74
2314	74
2315	74
2316	74
2317	74
2318	74
2319	74
2320	74
2321	74
2322	74
2323	74
2324	74
2325	74
2326	74
2327	74
2328	74
2329	74
2330	74
2331	74
2332	74
2333	74
2334	74
2335	74
2336	74
2337	74
2338	74
2339	74
2340	74
2341	74
2342	74
2343	74
2344	74
2345	74
2346	74
2347	74
2348	74
2349	75
2350	75
2351	75
2352	75
2353	75
2354	75
2355	75
2356	75
2357	75
2358	75
2359	75
2360	75
2361	75
2362	75
2363	75
2364	75
2365	75
2366	75
2367	75
2368	75
2369	75
2370	75
2371	75
2372	75
2373	75
2374	75
2375	75
2376	75
2377	75
2378	75
2379	75
2380	75
2381	75
2382	75
2383	75
2384	75
2385	75
2386	75
2387	75
2388	75
2389	75
2390	75
2391	75
2392	75
2393	75
2394	75
2395	75
2396	75
2397	75
2398	75
2399	75
2400	75
2401	75
2402	75
2403	75
2404	75
2405	75
2406	75
2407	75
2408	75
2409	75
2410	75
2411	75
2412	75
2413	75
2414	75
2415	75
2416	75
2417	75
2418	75
2419	75
2420	75
2421	75
2422	75
2423	75
2424	75
2425	75
2426	75
2427	75
2428	75
2429	75
2430	75
2431	75
2432	75
2433	75
2434	75
2435	75
2436	75
2437	75
2438	75
2439	75
2440	75
2441	75
2442	76
2443	76
2444	76
2445	76
2446	76
2447	76
2448	76
2449	76
2450	76
2451	76
2452	76
2453	76
2454	76
2455	76
2456	76
2457	76
2458	76
2459	76
2460	76
2461	76
2462	76
2463	76
2464	76
2465	76
2466	76
2467	76
2468	76
2469	76
2470	76
2471	76
2472	76
2473	76
2474	76
2475	76
2476	76
2477	76
2478	76
2479	76
2480	76
2481	76
2482	76
2483	76
2484	76
2485	76
2486	76
2487	76
2488	76
2489	76
2490	76
2491	76
2492	76
2493	76
2494	76
2495	76
2496	76
2497	76
2498	76
2499	76
2500	76
2501	76
2502	76
2503	76
2504	76
2505	76
2506	77
