N	V
0	1
1	2
2	3
3	4
4	5
5	5
6	6
7	7
8	8
9	8
10	8
11	8
12	9
13	9
14	10
15	10
16	10
17	10
18	10
19	10
20	10
21	11
22	11
23	11
24	11
25	12
26	13
27	13
28	14
29	14
30	14
31	14
32	14
33	14
34	15
35	15
36	15
37	15
38	15
39	15
40	16
41	17
42	17
43	18
44	18
45	19
46	19
47	19
48	19
49	19
50	20
51	20
52	20
53	20
54	20
55	20
56	20
57	20
58	20
59	21
60	21
61	21
62	22
63	22
64	22
65	22
66	22
67	22
68	22
69	22
70	23
71	23
72	23
73	23
74	23
75	23
76	23
77	23
78	23
79	24
80	24
81	24
82	25
83	25
84	25
85	25
86	25
87	25
88	25
89	25
90	25
91	25
92	25
93	25
94	25
95	25
96	26
97	26
98	26
99	26
100	26
101	26
102	27
103	27
104	27
105	27
106	27
107	27
108	27
109	27
110	28
111	29
112	29
113	29
114	29
115	29
116	29
117	29
118	29
119	30
120	30
121	31
122	31
123	31
124	31
125	31
126	31
127	31
128	31
129	31
130	31
131	31
132	31
133	31
134	32
135	32
136	32
137	32
138	32
139	33
140	33
141	33
142	33
143	33
144	33
145	33
146	34
147	34
148	34
149	35
150	35
151	35
152	35
153	35
154	35
155	35
156	35
157	35
158	35
159	35
160	36
161	36
162	36
163	36
164	36
165	36
166	36
167	36
168	37
169	37
170	38
171	39
172	39
173	39
174	39
175	40
176	40
177	40
178	41
179	41
180	41
181	41
182	41
183	41
184	41
185	42
186	42
187	42
188	42
189	42
190	42
191	42
192	43
193	43
194	43
195	43
196	43
197	43
198	44
199	44
200	44
201	44
202	44
203	44
204	45
205	45
206	45
207	45
208	45
209	45
210	45
211	45
212	46
213	46
214	46
215	46
216	46
217	46
218	46
219	46
220	46
221	46
222	46
223	46
224	46
225	46
226	46
227	47
228	47
229	47
230	47
231	47
232	47
233	47
234	47
235	47
236	47
237	47
238	47
239	47
240	47
241	47
242	47
243	47
244	47
245	47
246	47
247	48
248	48
249	48
250	48
251	48
252	48
253	48
254	49
255	49
256	49
257	50
258	50
259	50
260	50
261	50
262	50
263	50
264	50
265	51
266	51
267	51
268	51
269	51
270	51
271	51
272	51
273	51
274	51
275	51
276	51
277	51
278	51
279	51
280	51
281	51
282	51
283	51
284	51
285	51
286	51
287	51
288	51
289	51
290	51
291	51
292	51
293	51
294	51
295	51
296	51
297	51
298	51
299	51
300	51
301	51
302	51
303	51
304	51
305	52
306	52
307	52
308	52
309	52
310	52
311	52
312	52
313	52
314	52
315	52
316	52
317	52
318	52
319	52
320	52
321	52
322	52
323	53
324	53
325	53
326	53
327	53
328	53
329	53
330	53
331	53
332	53
333	53
334	53
335	53
336	53
337	53
338	53
339	53
340	53
341	53
342	53
343	53
344	53
345	53
346	53
347	53
348	53
349	53
350	53
351	53
352	54
353	54
354	54
355	54
356	54
357	54
358	54
359	54
360	54
361	54
362	54
363	54
364	54
365	54
366	54
367	54
368	54
369	54
370	54
371	54
372	54
373	54
374	54
375	54
376	54
377	54
378	54
379	54
380	54
381	54
382	54
383	54
384	54
385	54
386	54
387	54
388	54
389	54
390	54
391	54
392	54
393	54
394	55
395	55
396	55
397	55
398	55
399	55
400	55
401	55
402	55
403	55
404	55
405	55
406	55
407	55
408	55
409	55
410	55
411	55
412	55
413	55
414	55
415	55
416	55
417	55
418	55
419	55
420	55
421	55
422	55
423	55
424	55
425	55
426	56
427	56
428	56
429	56
430	56
431	57
432	57
433	57
434	57
435	57
436	57
437	57
438	57
439	57
440	57
441	57
442	57
443	57
444	57
445	57
446	57
447	57
448	57
449	57
450	57
451	57
452	57
453	57
454	57
455	57
456	57
457	57
458	57
459	57
460	57
461	57
462	57
463	57
464	57
465	57
466	57
467	57
468	57
469	57
470	57
471	57
472	57
473	57
474	57
475	57
476	57
477	57
478	57
479	57
480	57
481	57
482	57
483	57
484	57
485	57
486	57
487	57
488	57
489	57
490	57
491	57
492	57
493	57
494	57
495	57
496	57
497	57
498	57
499	57
500	57
501	57
502	57
503	57
504	57
505	57
506	57
507	57
508	57
509	57
510	57
511	57
512	58
513	58
514	58
515	58
516	58
517	58
518	58
519	58
520	58
521	58
522	58
523	58
524	58
525	58
526	59
527	59
528	59
529	59
530	59
531	59
532	59
533	59
534	59
535	59
536	59
537	59
538	59
539	59
540	59
541	59
542	59
543	59
544	59
545	59
546	59
547	59
548	59
549	59
550	59
551	59
552	59
553	59
554	59
555	59
556	59
557	59
558	59
559	59
560	59
561	59
562	59
563	59
564	59
565	59
566	59
567	59
568	59
569	59
570	59
571	59
572	59
573	59
574	59
575	59
576	59
577	59
578	59
579	59
580	59
581	59
582	59
583	59
584	59
585	59
586	59
587	59
588	59
589	59
590	59
591	59
592	59
593	59
594	59
595	59
596	59
597	60
598	60
599	60
600	60
601	60
602	60
603	60
604	60
605	60
606	60
607	60
608	60
609	60
610	60
611	60
612	60
613	60
614	60
615	60
616	60
617	60
618	60
619	61
620	61
621	61
622	61
623	61
624	61
625	61
626	61
627	61
628	61
629	61
630	61
631	61
632	61
633	61
634	61
635	61
636	61
637	61
638	61
639	61
640	61
641	61
642	61
643	61
644	61
645	61
646	61
647	61
648	61
649	61
650	61
651	61
652	61
653	61
654	61
655	61
656	61
657	61
658	61
659	61
660	61
661	61
662	61
663	61
664	61
665	61
666	61
667	61
668	61
669	61
670	61
671	61
672	61
673	61
674	61
675	61
676	61
677	61
678	61
679	61
680	61
681	61
682	61
683	61
684	61
685	61
686	61
687	61
688	61
689	61
690	61
691	61
692	61
693	61
694	61
695	61
696	61
697	61
698	61
699	61
700	61
701	61
702	61
703	61
704	61
705	61
706	61
707	61
708	61
709	61
710	61
711	61
712	61
713	61
714	61
715	61
716	61
717	61
718	62
719	62
720	62
721	62
722	62
723	62
724	62
725	62
726	62
727	62
728	62
729	62
730	62
731	62
732	62
733	62
734	62
735	62
736	62
737	62
738	62
739	63
740	63
741	63
742	64
743	64
744	64
745	64
746	64
747	64
748	64
749	64
750	64
751	64
752	64
753	64
754	64
755	64
756	64
757	64
758	64
759	64
760	64
761	64
762	64
763	64
764	64
765	65
766	65
767	65
768	65
769	65
770	65
771	65
772	65
773	65
774	65
775	65
776	65
777	65
778	65
779	65
780	65
781	65
782	65
783	65
784	65
785	65
786	65
787	65
788	65
789	65
790	65
791	65
792	65
793	65
794	65
795	65
796	65
797	65
798	65
799	65
800	65
801	65
802	65
803	65
804	65
805	65
806	65
807	65
808	65
809	65
810	65
811	65
812	65
813	65
814	65
815	65
816	65
817	65
818	65
819	65
820	65
821	65
822	65
823	65
824	65
825	65
826	65
827	65
828	65
829	65
830	65
831	65
832	65
833	65
834	65
835	65
836	65
837	65
838	65
839	65
840	65
841	65
842	65
843	65
844	65
845	65
846	65
847	65
848	65
849	65
850	65
851	65
852	65
853	65
854	65
855	65
856	65
857	65
858	65
859	65
860	65
861	65
862	65
863	65
864	66
865	66
866	66
867	66
868	66
869	66
870	66
871	66
872	66
873	66
874	66
875	66
876	66
877	66
878	66
879	66
880	66
881	66
882	66
883	66
884	66
885	66
886	66
887	66
888	66
889	66
890	66
891	66
892	66
893	66
894	66
895	66
896	66
897	66
898	66
899	66
900	66
901	66
902	66
903	66
904	66
905	66
906	66
907	66
908	66
909	66
910	66
911	66
912	66
913	66
914	66
915	66
916	66
917	66
918	66
919	66
920	66
921	66
922	66
923	66
924	66
925	66
926	66
927	66
928	66
929	66
930	66
931	66
932	66
933	66
934	66
935	66
936	66
937	66
938	66
939	66
940	67
941	67
942	67
943	67
944	67
945	67
946	67
947	67
948	67
949	67
950	67
951	67
952	67
953	67
954	67
955	67
956	67
957	67
958	67
959	67
960	67
961	67
962	67
963	67
964	67
965	67
966	67
967	67
968	67
969	67
970	67
971	67
972	67
973	67
974	67
975	67
976	67
977	67
978	67
979	67
980	67
981	67
982	67
983	67
984	67
985	67
986	67
987	67
988	67
989	67
990	67
991	67
992	67
993	67
994	67
995	67
996	67
997	67
998	67
999	67
1000	67
1001	67
1002	67
1003	67
1004	67
1005	67
1006	67
1007	67
1008	67
1009	67
1010	67
1011	67
1012	67
1013	67
1014	67
1015	67
1016	67
1017	67
1018	67
1019	67
1020	67
1021	67
1022	67
1023	67
1024	67
1025	67
1026	67
1027	67
1028	67
1029	67
1030	67
1031	67
1032	67
1033	67
1034	67
1035	67
1036	67
1037	67
1038	67
1039	67
1040	67
1041	67
1042	67
1043	67
1044	67
1045	67
1046	67
1047	67
1048	67
1049	67
1050	67
1051	67
1052	67
1053	67
1054	67
1055	67
1056	67
1057	67
1058	67
1059	67
1060	67
1061	67
1062	67
1063	67
1064	67
1065	67
1066	67
1067	67
1068	67
1069	67
1070	67
1071	67
1072	67
1073	67
1074	67
1075	67
1076	67
1077	67
1078	67
1079	67
1080	67
1081	67
1082	67
1083	67
1084	67
1085	67
1086	67
1087	67
1088	67
1089	67
1090	67
1091	67
1092	67
1093	67
1094	67
1095	67
1096	67
1097	67
1098	67
1099	67
1100	67
1101	67
1102	67
1103	67
1104	67
1105	67
1106	67
1107	67
1108	67
1109	67
1110	67
1111	67
1112	67
1113	67
1114	67
1115	67
1116	67
1117	67
1118	67
1119	67
1120	67
1121	67
1122	67
1123	67
1124	67
1125	67
1126	67
1127	67
1128	67
1129	67
1130	67
1131	67
1132	67
1133	67
1134	67
1135	67
1136	67
1137	67
1138	67
1139	67
1140	67
1141	67
1142	67
1143	67
1144	67
1145	67
1146	67
1147	67
1148	67
1149	67
1150	67
1151	67
1152	67
1153	67
1154	67
1155	67
1156	67
1157	67
1158	67
1159	67
1160	67
1161	67
1162	67
1163	67
1164	67
1165	67
1166	67
1167	67
1168	67
1169	67
1170	67
1171	67
1172	67
1173	67
1174	67
1175	67
1176	67
1177	67
1178	67
1179	67
1180	67
1181	67
1182	67
1183	67
1184	67
1185	67
1186	67
1187	67
1188	67
1189	67
1190	67
1191	67
1192	67
1193	67
1194	67
1195	67
1196	67
1197	67
1198	67
1199	67
1200	67
1201	67
1202	67
1203	67
1204	67
1205	67
1206	67
1207	67
1208	67
1209	67
1210	67
1211	67
1212	67
1213	67
1214	67
1215	67
1216	67
1217	67
1218	67
1219	67
1220	67
1221	67
1222	67
1223	67
1224	67
1225	67
1226	67
1227	67
1228	67
1229	67
1230	67
1231	67
1232	67
1233	67
1234	67
1235	67
1236	67
1237	67
1238	67
1239	67
1240	67
1241	67
1242	67
1243	67
1244	67
1245	67
1246	67
1247	67
1248	67
1249	67
1250	67
1251	67
1252	67
1253	67
1254	67
1255	67
1256	67
1257	67
1258	67
1259	67
1260	67
1261	67
1262	67
1263	67
1264	67
1265	67
1266	67
1267	67
1268	67
1269	67
1270	67
1271	67
1272	67
1273	67
1274	67
1275	67
1276	67
1277	67
1278	67
1279	67
1280	67
1281	67
1282	67
1283	67
1284	67
1285	67
1286	67
1287	67
1288	67
1289	67
1290	67
1291	67
1292	67
1293	67
1294	67
1295	67
1296	67
1297	67
1298	67
1299	67
1300	67
1301	67
1302	67
1303	67
1304	67
1305	67
1306	67
1307	67
1308	67
1309	67
1310	67
1311	67
1312	67
1313	67
1314	67
1315	67
1316	67
1317	67
1318	67
1319	67
1320	67
1321	67
1322	67
1323	67
1324	67
1325	67
1326	67
1327	67
1328	67
1329	67
1330	67
1331	67
1332	67
1333	67
1334	67
1335	67
1336	67
1337	67
1338	67
1339	67
1340	67
1341	67
1342	67
1343	67
1344	67
1345	67
1346	67
1347	67
1348	67
1349	67
1350	67
1351	67
1352	67
1353	67
1354	67
1355	67
1356	67
1357	67
1358	67
1359	67
1360	67
1361	67
1362	67
1363	67
1364	67
1365	67
1366	67
1367	67
1368	67
1369	67
1370	67
1371	67
1372	67
1373	67
1374	67
1375	67
1376	67
1377	67
1378	67
1379	67
1380	67
1381	67
1382	67
1383	67
1384	67
1385	67
1386	67
1387	67
1388	67
1389	67
1390	67
1391	67
1392	67
1393	67
1394	67
1395	67
1396	67
1397	67
1398	67
1399	67
1400	67
1401	67
1402	67
1403	67
1404	67
1405	67
1406	67
1407	67
1408	67
1409	67
1410	67
1411	67
1412	67
1413	67
1414	67
1415	67
1416	67
1417	67
1418	67
1419	67
1420	67
1421	67
1422	67
1423	67
1424	67
1425	67
1426	67
1427	67
1428	67
1429	67
1430	67
1431	67
1432	67
1433	67
1434	67
1435	67
1436	67
1437	67
1438	67
1439	67
1440	67
1441	67
1442	67
1443	67
1444	67
1445	67
1446	67
1447	67
1448	67
1449	67
1450	67
1451	67
1452	67
1453	67
1454	67
1455	67
1456	67
1457	67
1458	67
1459	67
1460	67
1461	67
1462	67
1463	67
1464	67
1465	67
1466	67
1467	67
1468	67
1469	67
1470	67
1471	67
1472	67
1473	67
1474	67
1475	67
1476	67
1477	67
1478	67
1479	67
1480	67
1481	67
1482	67
1483	67
1484	67
1485	67
1486	67
1487	67
1488	67
1489	67
1490	67
1491	67
1492	67
1493	67
1494	67
1495	67
1496	67
1497	67
1498	67
1499	67
1500	68
1501	68
1502	68
1503	68
1504	68
1505	68
1506	68
1507	68
1508	68
1509	68
1510	68
1511	68
1512	68
1513	68
1514	68
1515	68
1516	68
1517	68
1518	68
1519	68
1520	68
1521	68
1522	68
1523	68
1524	68
1525	68
1526	68
1527	68
1528	68
1529	68
1530	68
1531	68
1532	68
1533	68
1534	68
1535	68
1536	68
1537	68
1538	68
1539	68
1540	68
1541	68
1542	68
1543	68
1544	68
1545	68
1546	68
1547	68
1548	68
1549	68
1550	68
1551	68
1552	68
1553	68
1554	68
1555	68
1556	68
1557	68
1558	68
1559	68
1560	68
1561	68
1562	68
1563	68
1564	68
1565	68
1566	68
1567	68
1568	68
1569	68
1570	68
1571	68
1572	68
1573	68
1574	68
1575	68
1576	68
1577	68
1578	68
1579	68
1580	68
1581	68
1582	68
1583	68
1584	68
1585	68
1586	68
1587	68
1588	68
1589	68
1590	68
1591	68
1592	68
1593	68
1594	68
1595	68
1596	68
1597	68
1598	68
1599	68
1600	68
1601	68
1602	68
1603	68
1604	68
1605	68
1606	68
1607	68
1608	68
1609	68
1610	68
1611	68
1612	68
1613	68
1614	68
1615	68
1616	68
1617	68
1618	68
1619	68
1620	68
1621	68
1622	68
1623	68
1624	68
1625	68
1626	68
1627	68
1628	68
1629	68
1630	68
1631	68
1632	68
1633	68
1634	68
1635	68
1636	68
1637	68
1638	68
1639	68
1640	68
1641	68
1642	68
1643	68
1644	68
1645	68
1646	68
1647	68
1648	68
1649	68
1650	68
1651	68
1652	68
1653	68
1654	68
1655	68
1656	68
1657	68
1658	68
1659	68
1660	68
1661	68
1662	68
1663	68
1664	68
1665	68
1666	68
1667	68
1668	68
1669	68
1670	68
1671	68
1672	68
1673	68
1674	68
1675	68
1676	68
1677	68
1678	68
1679	68
1680	68
1681	68
1682	68
1683	68
1684	68
1685	68
1686	68
1687	68
1688	68
1689	68
1690	68
1691	68
1692	68
1693	68
1694	68
1695	68
1696	68
1697	68
1698	68
1699	68
1700	68
1701	68
1702	68
1703	68
1704	68
1705	68
1706	68
1707	68
1708	68
1709	68
1710	68
1711	68
1712	68
1713	68
1714	68
1715	68
1716	68
1717	68
1718	68
1719	68
1720	68
1721	68
1722	68
1723	68
1724	68
1725	68
1726	68
1727	68
1728	68
1729	68
1730	68
1731	68
1732	68
1733	68
1734	68
1735	68
1736	68
1737	68
1738	68
1739	68
1740	68
1741	68
1742	68
1743	68
1744	68
1745	68
1746	68
1747	68
1748	68
1749	68
1750	68
1751	68
1752	68
1753	68
1754	68
1755	68
1756	68
1757	68
1758	68
1759	68
1760	68
1761	68
1762	68
1763	68
1764	68
1765	68
1766	68
1767	68
1768	68
1769	68
1770	68
1771	68
1772	68
1773	68
1774	68
1775	68
1776	68
1777	68
1778	68
1779	68
1780	68
1781	68
1782	68
1783	68
1784	68
1785	68
1786	68
1787	68
1788	68
1789	68
1790	68
1791	68
1792	68
1793	68
1794	69
1795	69
1796	69
1797	69
1798	69
1799	69
1800	69
1801	69
1802	69
1803	69
1804	69
1805	69
1806	69
1807	69
1808	69
1809	69
1810	69
1811	69
1812	69
1813	69
1814	69
1815	69
1816	69
1817	69
1818	69
1819	69
1820	69
1821	69
1822	69
1823	69
1824	69
1825	69
1826	69
1827	69
1828	70
1829	70
1830	70
1831	70
1832	70
1833	70
1834	70
1835	70
1836	70
1837	70
1838	70
1839	70
1840	70
1841	70
1842	70
1843	70
1844	70
1845	70
1846	70
1847	70
1848	70
1849	70
1850	70
1851	70
1852	70
1853	70
1854	70
1855	70
1856	70
1857	70
1858	70
1859	70
1860	70
1861	70
1862	70
1863	70
1864	70
1865	70
1866	70
1867	70
1868	70
1869	70
1870	70
1871	70
1872	70
1873	70
1874	70
1875	70
1876	70
1877	70
1878	70
1879	70
1880	70
1881	70
1882	70
1883	70
1884	70
1885	70
1886	70
1887	70
1888	70
1889	70
1890	70
1891	70
1892	70
1893	70
1894	70
1895	70
1896	70
1897	70
1898	70
1899	70
1900	70
1901	70
1902	70
1903	70
1904	70
1905	70
1906	70
1907	70
1908	70
1909	70
1910	70
1911	70
1912	70
1913	70
1914	70
1915	70
1916	70
1917	70
1918	70
1919	70
1920	70
1921	70
1922	70
1923	70
1924	70
1925	70
1926	70
1927	70
1928	70
1929	70
1930	70
1931	70
1932	70
1933	70
1934	70
1935	70
1936	70
1937	70
1938	70
1939	70
1940	70
1941	70
1942	70
1943	70
1944	70
1945	70
1946	70
1947	70
1948	70
1949	70
1950	70
1951	70
1952	70
1953	70
1954	70
1955	70
1956	70
1957	70
1958	70
1959	70
1960	70
1961	70
1962	70
1963	70
1964	70
1965	70
1966	70
1967	70
1968	70
1969	70
1970	70
1971	70
1972	70
1973	70
1974	70
1975	70
1976	70
1977	70
1978	70
1979	70
1980	70
1981	70
1982	70
1983	70
1984	70
1985	70
1986	70
1987	70
1988	70
1989	70
1990	70
1991	70
1992	70
1993	70
1994	70
1995	70
1996	70
1997	70
1998	70
1999	70
2000	70
2001	70
2002	70
2003	70
2004	70
2005	70
2006	70
2007	70
2008	70
2009	70
2010	70
2011	70
2012	70
2013	70
2014	70
2015	70
2016	70
2017	70
2018	70
2019	70
2020	70
2021	70
2022	70
2023	70
2024	70
2025	70
2026	70
2027	70
2028	70
2029	70
2030	70
2031	70
2032	70
2033	70
2034	70
2035	70
2036	70
2037	70
2038	70
2039	70
2040	70
2041	71
2042	71
2043	71
2044	71
2045	71
2046	71
2047	71
2048	71
2049	71
2050	71
2051	71
2052	71
2053	71
2054	71
2055	71
2056	71
2057	71
2058	71
2059	71
2060	71
2061	71
2062	71
2063	71
2064	71
2065	71
2066	71
2067	71
2068	71
2069	71
2070	71
2071	71
2072	71
2073	71
2074	71
2075	71
2076	71
2077	71
2078	71
2079	71
2080	71
2081	71
2082	71
2083	71
2084	71
2085	71
2086	71
2087	71
2088	71
2089	71
2090	71
2091	71
2092	71
2093	71
2094	71
2095	71
2096	71
2097	71
2098	71
2099	71
2100	71
2101	71
2102	71
2103	71
2104	71
2105	71
2106	71
2107	71
2108	71
2109	71
2110	71
2111	71
2112	71
2113	71
2114	71
2115	71
2116	71
2117	71
2118	71
2119	71
2120	71
2121	71
2122	71
2123	71
2124	71
2125	71
2126	71
2127	71
2128	71
2129	71
2130	71
2131	71
2132	71
2133	71
2134	71
2135	71
2136	71
2137	71
2138	71
2139	71
2140	71
2141	71
2142	71
2143	71
2144	71
2145	71
2146	71
2147	71
2148	71
2149	71
2150	71
2151	71
2152	71
2153	71
2154	71
2155	71
2156	71
2157	71
2158	71
2159	71
2160	71
2161	71
2162	71
2163	71
2164	71
2165	71
2166	71
2167	71
2168	71
2169	71
2170	71
2171	71
2172	71
2173	71
2174	71
2175	71
2176	71
2177	72
