N	V
0	1
1	2
2	3
3	4
4	5
5	6
6	6
7	6
8	6
9	7
10	8
11	9
12	10
13	10
14	10
15	10
16	10
17	10
18	11
19	12
20	12
21	12
22	12
23	12
24	12
25	12
26	12
27	12
28	12
29	12
30	13
31	13
32	13
33	13
34	13
35	13
36	14
37	14
38	15
39	15
40	15
41	16
42	16
43	16
44	16
45	17
46	17
47	18
48	18
49	18
50	18
51	19
52	19
53	19
54	19
55	19
56	19
57	19
58	19
59	20
60	21
61	21
62	21
63	21
64	22
65	22
66	23
67	23
68	24
69	24
70	25
71	25
72	25
73	25
74	25
75	25
76	25
77	26
78	26
79	26
80	26
81	26
82	26
83	26
84	26
85	26
86	26
87	26
88	26
89	26
90	26
91	26
92	26
93	27
94	27
95	27
96	27
97	27
98	27
99	27
100	27
101	27
102	27
103	27
104	27
105	27
106	27
107	28
108	28
109	28
110	28
111	28
112	28
113	28
114	28
115	28
116	28
117	29
118	29
119	30
120	30
121	30
122	30
123	30
124	30
125	30
126	30
127	30
128	30
129	31
130	31
131	31
132	31
133	31
134	31
135	31
136	31
137	32
138	32
139	32
140	32
141	32
142	32
143	32
144	32
145	32
146	32
147	32
148	32
149	32
150	32
151	32
152	32
153	33
154	33
155	34
156	34
157	34
158	34
159	34
160	34
161	34
162	34
163	34
164	34
165	34
166	34
167	34
168	35
169	35
170	35
171	35
172	35
173	35
174	35
175	35
176	35
177	35
178	35
179	35
180	35
181	35
182	35
183	35
184	35
185	35
186	35
187	35
188	35
189	35
190	35
191	35
192	35
193	35
194	35
195	35
196	35
197	35
198	35
199	35
200	35
201	35
202	35
203	35
204	35
205	35
206	35
207	35
208	35
209	35
210	35
211	35
212	35
213	35
214	35
215	35
216	35
217	36
218	36
219	36
220	36
221	36
222	36
223	36
224	37
225	37
226	37
227	37
228	37
229	37
230	37
231	37
232	37
233	37
234	37
235	37
236	37
237	37
238	37
239	37
240	37
241	37
242	37
243	37
244	37
245	37
246	37
247	37
248	37
249	37
250	37
251	37
252	37
253	37
254	37
255	37
256	37
257	37
258	37
259	37
260	37
261	37
262	37
263	37
264	37
265	37
266	37
267	37
268	37
269	37
270	37
271	37
272	37
273	37
274	37
275	37
276	37
277	37
278	37
279	37
280	37
281	37
282	37
283	37
284	37
285	37
286	37
287	37
288	37
289	37
290	37
291	37
292	37
293	37
294	37
295	37
296	37
297	37
298	37
299	37
300	37
301	37
302	37
303	37
304	37
305	37
306	37
307	37
308	37
309	37
310	37
311	37
312	37
313	37
314	37
315	38
316	38
317	38
318	38
319	38
320	38
321	38
322	38
323	38
324	38
325	38
326	38
327	38
328	38
329	38
330	38
331	38
332	38
333	38
334	38
335	38
336	38
337	38
338	38
339	38
340	38
341	38
342	38
343	38
344	38
345	38
346	38
347	38
348	38
349	38
350	38
351	38
352	38
353	38
354	38
355	38
356	38
357	38
358	38
359	38
360	38
361	38
362	38
363	38
364	38
365	38
366	38
367	38
368	38
369	38
370	38
371	38
372	38
373	38
374	38
375	38
376	38
377	38
378	38
379	38
380	38
381	38
382	38
383	38
384	38
385	38
386	38
387	38
388	38
389	38
390	38
391	38
392	38
393	39
394	39
395	39
396	39
397	39
398	39
399	39
400	39
401	39
402	39
403	39
404	39
405	39
406	39
407	39
408	39
409	39
410	40
411	41
412	41
413	42
414	42
415	42
416	42
417	42
418	42
419	42
420	42
421	42
422	42
423	42
424	42
425	42
426	42
427	42
428	42
429	42
430	42
431	42
432	42
433	42
434	42
435	42
436	42
437	42
438	42
439	42
440	42
441	42
442	42
443	42
444	42
445	42
446	42
447	42
448	42
449	42
450	42
451	42
452	42
453	42
454	42
455	42
456	42
457	42
458	42
459	42
460	42
461	42
462	42
463	42
464	42
465	42
466	42
467	42
468	42
469	42
470	42
471	42
472	42
473	43
474	43
475	43
476	43
477	43
478	43
479	43
480	43
481	43
482	43
483	43
484	43
485	44
486	44
487	44
488	45
489	45
490	45
491	45
492	45
493	45
494	45
495	45
496	45
497	45
498	45
499	45
500	45
501	45
502	45
503	45
504	45
505	45
506	45
507	45
508	45
509	45
510	45
511	45
512	45
513	45
514	45
515	45
516	45
517	45
518	45
519	45
520	45
521	45
522	45
523	45
524	45
525	45
526	45
527	45
528	45
529	45
530	45
531	45
532	45
533	45
534	45
535	45
536	45
537	45
538	45
539	45
540	45
541	45
542	45
543	45
544	45
545	45
546	45
547	45
548	45
549	45
550	45
551	45
552	45
553	45
554	45
555	45
556	45
557	45
558	45
559	45
560	45
561	45
562	45
563	45
564	45
565	45
566	45
567	45
568	45
569	45
570	45
571	45
572	45
573	45
574	45
575	45
576	45
577	45
578	45
579	45
580	45
581	45
582	45
583	45
584	45
585	45
586	45
587	45
588	45
589	45
590	45
591	45
592	45
593	46
594	46
595	46
596	46
597	46
598	46
599	46
600	46
601	46
602	46
603	46
604	46
605	46
606	46
607	46
608	46
609	46
610	46
611	46
612	46
613	46
614	46
615	46
616	46
617	46
618	46
619	46
620	46
621	46
622	46
623	46
624	46
625	46
626	46
627	46
628	46
629	46
630	46
631	46
632	46
633	46
634	46
635	46
636	46
637	46
638	46
639	46
640	46
641	46
642	46
643	46
644	46
645	46
646	46
647	46
648	46
649	46
650	46
651	46
652	46
653	46
654	46
655	46
656	46
657	46
658	46
659	46
660	46
661	46
662	46
663	46
664	47
665	47
666	47
667	47
668	47
669	47
670	47
671	47
672	47
673	47
674	47
675	47
676	47
677	47
678	47
679	47
680	47
681	47
682	47
683	47
684	47
685	47
686	47
687	47
688	47
689	47
690	47
691	47
692	47
693	47
694	47
695	47
696	47
697	47
698	47
699	47
700	47
701	47
702	47
703	47
704	47
705	47
706	47
707	47
708	47
709	47
710	47
711	47
712	47
713	47
714	47
715	47
716	47
717	47
718	47
719	48
720	48
721	48
722	48
723	48
724	48
725	48
726	48
727	48
728	48
729	48
730	48
731	48
732	48
733	48
734	48
735	48
736	48
737	48
738	48
739	48
740	48
741	48
742	48
743	48
744	48
745	48
746	48
747	48
748	48
749	48
750	48
751	48
752	48
753	48
754	48
755	48
756	48
757	48
758	48
759	48
760	48
761	48
762	48
763	48
764	48
765	48
766	48
767	48
768	48
769	48
770	48
771	48
772	48
773	48
774	48
775	48
776	48
777	48
778	48
779	48
780	48
781	48
782	48
783	48
784	48
785	48
786	48
787	48
788	48
789	48
790	48
791	48
792	48
793	48
794	48
795	48
796	48
797	48
798	48
799	48
800	48
801	48
802	48
803	48
804	48
805	48
806	48
807	48
808	48
809	48
810	48
811	48
812	48
813	48
814	48
815	48
816	48
817	48
818	48
819	48
820	48
821	48
822	48
823	48
824	48
825	48
826	48
827	48
828	48
829	48
830	48
831	48
832	48
833	48
834	48
835	48
836	48
837	48
838	48
839	48
840	48
841	48
842	48
843	48
844	48
845	48
846	48
847	48
848	48
849	48
850	48
851	48
852	48
853	48
854	48
855	48
856	48
857	48
858	48
859	48
860	48
861	48
862	48
863	48
864	48
865	48
866	48
867	48
868	48
869	48
870	48
871	48
872	48
873	48
874	48
875	48
876	48
877	48
878	48
879	48
880	48
881	48
882	48
883	48
884	48
885	48
886	48
887	48
888	48
889	48
890	48
891	48
892	48
893	48
894	48
895	48
896	48
897	48
898	48
899	48
900	48
901	48
902	48
903	48
904	48
905	48
906	48
907	48
908	48
909	48
910	48
911	48
912	48
913	48
914	48
915	48
916	48
917	48
918	48
919	48
920	48
921	48
922	48
923	48
924	48
925	48
926	48
927	48
928	48
929	48
930	48
931	48
932	48
933	48
934	48
935	48
936	48
937	48
938	48
939	48
940	48
941	48
942	48
943	48
944	48
945	48
946	48
947	48
948	48
949	48
950	48
951	48
952	48
953	48
954	48
955	48
956	48
957	48
958	48
959	48
960	48
961	48
962	48
963	48
964	48
965	48
966	48
967	48
968	48
969	48
970	48
971	48
972	48
973	48
974	48
975	48
976	48
977	48
978	48
979	48
980	48
981	48
982	48
983	48
984	48
985	48
986	48
987	48
988	48
989	48
990	48
991	48
992	48
993	48
994	48
995	48
996	48
997	48
998	48
999	48
1000	48
1001	48
1002	48
1003	48
1004	48
1005	48
1006	48
1007	48
1008	48
1009	48
1010	48
1011	48
1012	48
1013	48
1014	48
1015	48
1016	48
1017	48
1018	48
1019	48
1020	48
1021	48
1022	48
1023	48
1024	48
1025	48
1026	48
1027	48
1028	48
1029	48
1030	48
1031	48
1032	48
1033	48
1034	48
1035	48
1036	48
1037	48
1038	48
1039	48
1040	48
1041	48
1042	48
1043	48
1044	48
1045	48
1046	48
1047	48
1048	48
1049	48
1050	48
1051	48
1052	48
1053	48
1054	48
1055	48
1056	48
1057	48
1058	48
1059	48
1060	48
1061	48
1062	48
1063	48
1064	48
1065	48
1066	48
1067	48
1068	48
1069	48
1070	48
1071	48
1072	48
1073	48
1074	48
1075	48
1076	48
1077	48
1078	48
1079	48
1080	48
1081	48
1082	48
1083	48
1084	48
1085	48
1086	48
1087	48
1088	48
1089	48
1090	48
1091	48
1092	48
1093	48
1094	48
1095	48
1096	48
1097	48
1098	48
1099	48
1100	48
1101	48
1102	48
1103	48
1104	48
1105	48
1106	48
1107	48
1108	48
1109	48
1110	48
1111	48
1112	48
1113	48
1114	48
1115	48
1116	48
1117	48
1118	48
1119	48
1120	48
1121	48
1122	48
1123	48
1124	48
1125	48
1126	48
1127	48
1128	48
1129	48
1130	48
1131	48
1132	48
1133	48
1134	48
1135	48
1136	48
1137	48
1138	48
1139	48
1140	48
1141	48
1142	48
1143	48
1144	48
1145	48
1146	48
1147	48
1148	48
1149	48
1150	48
1151	48
1152	48
1153	48
1154	48
1155	48
1156	48
1157	48
1158	48
1159	48
1160	48
1161	48
1162	48
1163	48
1164	48
1165	48
1166	48
1167	48
1168	48
1169	48
1170	48
1171	48
1172	48
1173	48
1174	48
1175	48
1176	48
1177	48
1178	48
1179	48
1180	48
1181	48
1182	48
1183	48
1184	48
1185	48
1186	48
1187	48
1188	48
1189	48
1190	48
1191	48
1192	48
1193	48
1194	48
1195	48
1196	48
1197	48
1198	48
1199	48
1200	48
1201	48
1202	48
1203	48
1204	48
1205	48
1206	48
1207	48
1208	48
1209	48
1210	48
1211	48
1212	48
1213	48
1214	48
1215	48
1216	48
1217	48
1218	48
1219	48
1220	48
1221	48
1222	48
1223	48
1224	48
1225	48
1226	48
1227	48
1228	48
1229	48
1230	48
1231	48
1232	48
1233	48
1234	48
1235	48
1236	48
1237	48
1238	48
1239	48
1240	48
1241	48
1242	48
1243	48
1244	48
1245	48
1246	48
1247	48
1248	48
1249	48
1250	48
1251	48
1252	48
1253	48
1254	48
1255	48
1256	48
1257	48
1258	48
1259	48
1260	48
1261	48
1262	48
1263	48
1264	48
1265	48
1266	48
1267	48
1268	48
1269	48
1270	48
1271	48
1272	48
1273	48
1274	48
1275	48
1276	48
1277	48
1278	48
1279	48
1280	48
1281	48
1282	48
1283	48
1284	48
1285	48
1286	48
1287	48
1288	48
1289	48
1290	48
1291	48
1292	48
1293	48
1294	48
1295	48
1296	48
1297	48
1298	48
1299	48
1300	48
1301	48
1302	48
1303	48
1304	48
1305	48
1306	48
1307	48
1308	48
1309	48
1310	48
1311	48
1312	48
1313	48
1314	48
1315	48
1316	48
1317	48
1318	48
1319	48
1320	48
1321	48
1322	48
1323	48
1324	48
1325	48
1326	48
1327	48
1328	48
1329	48
1330	48
1331	48
1332	48
1333	48
1334	48
1335	48
1336	48
1337	48
1338	48
1339	48
1340	48
1341	48
1342	48
1343	48
1344	48
1345	48
1346	48
1347	48
1348	48
1349	48
1350	48
1351	48
1352	48
1353	48
1354	48
1355	48
1356	48
1357	48
1358	48
1359	48
1360	48
1361	48
1362	48
1363	48
1364	48
1365	48
1366	48
1367	48
1368	48
1369	48
1370	48
1371	48
1372	48
1373	48
1374	48
1375	48
1376	48
1377	48
1378	48
1379	48
1380	48
1381	48
1382	48
1383	48
1384	48
1385	48
1386	48
1387	48
1388	48
1389	48
1390	48
1391	48
1392	48
1393	48
1394	48
1395	48
1396	48
1397	48
1398	48
1399	48
1400	48
1401	48
1402	48
1403	48
1404	48
1405	48
1406	48
1407	48
1408	48
1409	48
1410	48
1411	48
1412	48
1413	48
1414	48
1415	48
1416	48
1417	48
1418	48
1419	48
1420	48
1421	48
1422	48
1423	48
1424	48
1425	48
1426	48
1427	48
1428	48
1429	48
1430	48
1431	48
1432	48
1433	48
1434	48
1435	48
1436	48
1437	48
1438	48
1439	48
1440	48
1441	48
1442	48
1443	48
1444	48
1445	48
1446	48
1447	48
1448	48
1449	48
1450	48
1451	48
1452	48
1453	48
1454	48
1455	48
1456	48
1457	48
1458	48
1459	48
1460	48
1461	48
1462	48
1463	48
1464	48
1465	48
1466	48
1467	48
1468	48
1469	48
1470	48
1471	48
1472	48
1473	48
1474	48
1475	48
1476	48
1477	48
1478	48
1479	48
1480	48
1481	48
1482	48
1483	48
1484	48
1485	48
1486	48
1487	48
1488	48
1489	48
1490	48
1491	48
1492	48
1493	48
1494	48
1495	48
1496	48
1497	48
1498	49
1499	49
1500	49
1501	49
1502	49
1503	49
1504	49
1505	49
1506	49
1507	49
1508	49
1509	49
1510	49
1511	49
1512	49
1513	49
1514	49
1515	49
1516	49
1517	49
1518	49
1519	49
1520	49
1521	49
1522	49
1523	49
1524	49
1525	49
1526	49
1527	49
1528	49
1529	49
1530	49
1531	49
1532	49
1533	49
1534	49
1535	49
1536	49
1537	49
1538	49
1539	49
1540	49
1541	49
1542	49
1543	49
1544	49
1545	49
1546	49
1547	49
1548	49
1549	49
1550	49
1551	49
1552	49
1553	49
1554	49
1555	49
1556	49
1557	49
1558	49
1559	49
1560	49
1561	49
1562	49
1563	49
1564	49
1565	49
1566	49
1567	49
1568	49
1569	49
1570	49
1571	49
1572	49
1573	49
1574	49
1575	49
1576	49
1577	49
1578	49
1579	49
1580	49
1581	49
1582	49
1583	49
1584	49
1585	49
1586	49
1587	49
1588	49
1589	49
1590	49
1591	49
1592	49
1593	49
1594	49
1595	49
1596	49
1597	49
1598	49
1599	49
1600	49
1601	49
1602	49
1603	49
1604	49
1605	49
1606	49
1607	49
1608	49
1609	49
1610	49
1611	49
1612	49
1613	49
1614	49
1615	49
1616	49
1617	49
1618	49
1619	49
1620	49
1621	49
1622	49
1623	49
1624	49
1625	49
1626	49
1627	49
1628	49
1629	49
1630	49
1631	49
1632	49
1633	49
1634	49
1635	49
1636	49
1637	49
1638	49
1639	49
1640	49
1641	49
1642	49
1643	49
1644	49
1645	49
1646	49
1647	49
1648	49
1649	49
1650	49
1651	49
1652	49
1653	49
1654	49
1655	49
1656	49
1657	49
1658	49
1659	49
1660	49
1661	49
1662	49
1663	49
1664	49
1665	49
1666	49
1667	49
1668	49
1669	49
1670	49
1671	49
1672	49
1673	49
1674	49
1675	49
1676	49
1677	49
1678	49
1679	49
1680	49
1681	49
1682	49
1683	49
1684	49
1685	49
1686	49
1687	49
1688	49
1689	49
1690	49
1691	49
1692	49
1693	49
1694	49
1695	49
1696	49
1697	49
1698	49
1699	49
1700	49
1701	49
1702	49
1703	49
1704	49
1705	49
1706	49
1707	49
1708	49
1709	49
1710	49
1711	49
1712	49
1713	49
1714	49
1715	49
1716	49
1717	49
1718	49
1719	49
1720	49
1721	49
1722	49
1723	49
1724	49
1725	49
1726	49
1727	49
1728	49
1729	49
1730	49
1731	49
1732	49
1733	49
1734	49
1735	49
1736	49
1737	49
1738	49
1739	49
1740	49
1741	49
1742	49
1743	49
1744	49
1745	49
1746	49
1747	49
1748	49
1749	49
1750	49
1751	49
1752	49
1753	49
1754	49
1755	49
1756	49
1757	49
1758	49
1759	49
1760	49
1761	49
1762	49
1763	49
1764	49
1765	49
1766	49
1767	49
1768	49
1769	49
1770	49
1771	49
1772	49
1773	49
1774	49
1775	49
1776	49
1777	49
1778	49
1779	49
1780	49
1781	49
1782	49
1783	49
1784	49
1785	49
1786	49
1787	49
1788	49
1789	49
1790	49
1791	49
1792	49
1793	49
1794	49
1795	49
1796	49
1797	49
1798	49
1799	49
1800	49
1801	49
1802	49
1803	49
1804	49
1805	49
1806	49
1807	49
1808	49
1809	49
1810	49
1811	49
1812	49
1813	49
1814	49
1815	49
1816	49
1817	49
1818	49
1819	49
1820	49
1821	49
1822	49
1823	49
1824	49
1825	49
1826	49
1827	49
1828	49
1829	49
1830	49
1831	49
1832	49
1833	49
1834	49
1835	49
1836	49
1837	49
1838	49
1839	49
1840	49
1841	49
1842	49
1843	49
1844	49
1845	49
1846	49
1847	49
1848	49
1849	49
1850	49
1851	49
1852	49
1853	49
1854	49
1855	49
1856	49
1857	49
1858	49
1859	49
1860	49
1861	49
1862	49
1863	49
1864	49
1865	49
1866	49
1867	49
1868	49
1869	49
1870	49
1871	49
1872	49
1873	49
1874	49
1875	49
1876	49
1877	49
1878	49
1879	49
1880	49
1881	49
1882	49
1883	49
1884	49
1885	49
1886	49
1887	49
1888	49
1889	49
1890	49
1891	49
1892	49
1893	49
1894	49
1895	49
1896	49
1897	49
1898	49
1899	49
1900	49
1901	49
1902	49
1903	49
1904	49
1905	49
1906	49
1907	49
1908	49
1909	49
1910	49
1911	49
1912	49
1913	49
1914	49
1915	49
1916	49
1917	49
1918	49
1919	49
1920	49
1921	49
1922	49
1923	49
1924	49
1925	49
1926	49
1927	49
1928	50
1929	50
1930	50
1931	50
1932	50
1933	50
1934	50
1935	50
1936	50
1937	50
1938	50
1939	50
1940	50
1941	50
1942	50
1943	50
1944	50
1945	50
1946	50
1947	50
1948	50
1949	50
1950	50
1951	50
1952	50
1953	50
1954	50
1955	50
1956	50
1957	50
1958	50
1959	50
1960	50
1961	50
1962	50
1963	50
1964	50
1965	50
1966	50
1967	50
1968	50
1969	50
1970	50
1971	50
1972	50
1973	50
1974	50
1975	50
1976	50
1977	50
1978	50
1979	50
1980	50
1981	50
1982	50
1983	50
1984	50
1985	50
1986	50
1987	50
1988	50
1989	50
1990	50
1991	50
1992	50
1993	50
1994	50
1995	50
1996	50
1997	50
1998	50
1999	50
2000	50
2001	50
2002	50
2003	50
2004	50
2005	50
2006	50
2007	50
2008	50
2009	50
2010	50
2011	50
2012	50
2013	50
2014	50
2015	50
2016	50
2017	50
2018	50
2019	50
2020	50
2021	50
2022	50
2023	50
2024	50
2025	50
2026	50
2027	50
2028	50
2029	50
2030	50
2031	50
2032	50
2033	50
2034	50
2035	50
2036	50
2037	50
2038	50
2039	50
2040	50
2041	50
2042	50
2043	50
2044	50
2045	50
2046	50
2047	50
2048	50
2049	50
2050	50
2051	50
2052	50
2053	50
2054	50
2055	50
2056	50
2057	50
2058	50
2059	50
2060	50
2061	50
2062	50
2063	50
2064	50
2065	50
2066	50
2067	50
2068	50
2069	50
2070	50
2071	50
2072	50
2073	50
2074	50
2075	50
2076	50
2077	50
2078	50
2079	50
2080	50
2081	50
2082	50
2083	50
2084	50
2085	50
2086	50
2087	50
2088	50
2089	50
2090	50
2091	50
2092	50
2093	50
2094	50
2095	50
2096	50
2097	50
2098	50
2099	50
2100	50
2101	50
2102	50
2103	50
2104	50
2105	50
2106	50
2107	50
2108	50
2109	50
2110	50
2111	50
2112	50
2113	50
2114	50
2115	50
2116	50
2117	50
2118	50
2119	50
2120	50
2121	50
2122	50
2123	50
2124	50
2125	50
2126	50
2127	50
2128	50
2129	50
2130	50
2131	50
2132	50
2133	50
2134	50
2135	50
2136	50
2137	50
2138	50
2139	50
2140	50
2141	50
2142	50
2143	50
2144	50
2145	50
2146	50
2147	50
2148	50
2149	50
2150	50
2151	50
2152	50
2153	50
2154	50
2155	50
2156	50
2157	50
2158	50
2159	50
2160	50
2161	50
2162	50
2163	50
2164	50
2165	50
2166	50
2167	50
2168	50
2169	50
2170	50
2171	50
2172	50
2173	50
2174	50
2175	50
2176	50
2177	50
2178	50
2179	50
2180	50
2181	50
2182	50
2183	50
2184	50
2185	50
2186	50
2187	50
2188	50
2189	50
2190	50
2191	50
2192	50
2193	50
2194	50
2195	50
2196	50
2197	50
2198	50
2199	50
2200	50
2201	50
2202	50
2203	50
2204	50
2205	50
2206	50
2207	50
2208	50
2209	50
2210	50
2211	50
2212	50
2213	50
2214	50
2215	50
2216	50
2217	50
2218	50
2219	50
2220	50
2221	50
2222	50
2223	50
2224	50
2225	50
2226	50
2227	50
2228	50
2229	50
2230	50
2231	50
2232	50
2233	50
2234	50
2235	50
2236	50
2237	50
2238	50
2239	50
2240	50
2241	50
2242	50
2243	50
2244	50
2245	50
2246	50
2247	50
2248	50
2249	50
2250	50
2251	50
2252	50
2253	50
2254	50
2255	50
2256	50
2257	50
2258	51
