N	V
0	1
1	2
2	3
3	4
4	5
5	5
6	5
7	5
8	6
9	6
10	7
11	7
12	7
13	7
14	7
15	7
16	8
17	9
18	10
19	10
20	10
21	10
22	10
23	11
24	12
25	13
26	13
27	13
28	13
29	13
30	13
31	13
32	13
33	13
34	14
35	15
36	15
37	16
38	17
39	17
40	17
41	18
42	18
43	19
44	19
45	19
46	20
47	20
48	20
49	20
50	20
51	20
52	20
53	20
54	21
55	21
56	22
57	22
58	22
59	22
60	23
61	23
62	23
63	23
64	23
65	23
66	23
67	23
68	24
69	24
70	24
71	24
72	24
73	24
74	24
75	25
76	25
77	25
78	25
79	25
80	25
81	25
82	25
83	26
84	26
85	26
86	26
87	26
88	27
89	27
90	28
91	28
92	28
93	28
94	28
95	28
96	28
97	28
98	28
99	28
100	28
101	28
102	28
103	28
104	28
105	28
106	28
107	28
108	28
109	28
110	28
111	28
112	28
113	28
114	28
115	28
116	28
117	29
118	29
119	29
120	29
121	30
122	30
123	30
124	30
125	30
126	30
127	31
128	31
129	32
130	32
131	32
132	32
133	32
134	32
135	32
136	32
137	33
138	33
139	33
140	33
141	34
142	34
143	34
144	34
145	34
146	34
147	34
148	34
149	34
150	35
151	35
152	35
153	35
154	35
155	35
156	36
157	36
158	36
159	36
160	36
161	36
162	36
163	36
164	36
165	36
166	36
167	36
168	36
169	36
170	36
171	36
172	36
173	36
174	36
175	36
176	36
177	36
178	36
179	36
180	36
181	36
182	36
183	36
184	36
185	36
186	36
187	36
188	36
189	36
190	36
191	36
192	36
193	36
194	36
195	36
196	36
197	36
198	36
199	36
200	36
201	36
202	36
203	36
204	36
205	36
206	36
207	36
208	36
209	36
210	37
211	37
212	37
213	37
214	37
215	37
216	37
217	37
218	37
219	37
220	37
221	37
222	37
223	37
224	37
225	37
226	37
227	37
228	37
229	37
230	37
231	37
232	37
233	37
234	38
235	38
236	38
237	38
238	38
239	39
240	39
241	39
242	39
243	39
244	39
245	39
246	39
247	39
248	39
249	39
250	39
251	40
252	40
253	40
254	41
255	42
256	42
257	42
258	42
259	42
260	42
261	42
262	42
263	42
264	42
265	42
266	42
267	42
268	42
269	42
270	42
271	42
272	42
273	42
274	42
275	42
276	42
277	42
278	42
279	42
280	42
281	42
282	42
283	42
284	42
285	42
286	42
287	42
288	42
289	42
290	42
291	42
292	42
293	42
294	42
295	42
296	42
297	42
298	42
299	42
300	42
301	42
302	42
303	43
304	43
305	43
306	43
307	43
308	43
309	43
310	43
311	43
312	43
313	43
314	43
315	43
316	43
317	43
318	43
319	43
320	43
321	43
322	43
323	43
324	43
325	43
326	43
327	43
328	43
329	43
330	43
331	43
332	43
333	43
334	43
335	43
336	43
337	43
338	43
339	43
340	43
341	43
342	43
343	43
344	43
345	43
346	43
347	43
348	43
349	43
350	43
351	43
352	43
353	43
354	43
355	43
356	43
357	43
358	43
359	43
360	43
361	43
362	43
363	43
364	43
365	43
366	43
367	43
368	43
369	43
370	43
371	43
372	43
373	43
374	43
375	43
376	43
377	43
378	43
379	43
380	43
381	43
382	43
383	43
384	43
385	43
386	43
387	43
388	43
389	43
390	43
391	43
392	43
393	43
394	43
395	43
396	43
397	43
398	43
399	43
400	43
401	43
402	43
403	43
404	43
405	43
406	43
407	43
408	43
409	43
410	43
411	43
412	43
413	44
414	44
415	44
416	44
417	44
418	45
419	45
420	45
421	45
422	45
423	45
424	45
425	45
426	45
427	45
428	45
429	45
430	45
431	45
432	45
433	45
434	45
435	45
436	45
437	45
438	45
439	45
440	45
441	45
442	45
443	45
444	45
445	45
446	45
447	45
448	45
449	45
450	45
451	45
452	45
453	45
454	45
455	45
456	45
457	45
458	45
459	45
460	45
461	45
462	45
463	45
464	45
465	45
466	45
467	45
468	45
469	45
470	45
471	45
472	45
473	45
474	45
475	45
476	45
477	45
478	45
479	45
480	45
481	45
482	45
483	45
484	45
485	45
486	45
487	45
488	45
489	45
490	45
491	45
492	45
493	45
494	45
495	45
496	46
497	46
498	46
499	46
500	46
501	46
502	46
503	46
504	46
505	46
506	46
507	46
508	46
509	46
510	46
511	46
512	46
513	46
514	46
515	46
516	46
517	46
518	46
519	46
520	46
521	46
522	46
523	46
524	46
525	46
526	46
527	46
528	46
529	46
530	46
531	46
532	46
533	46
534	46
535	46
536	46
537	46
538	46
539	46
540	46
541	46
542	46
543	46
544	46
545	46
546	46
547	46
548	46
549	46
550	46
551	46
552	46
553	46
554	46
555	46
556	46
557	46
558	46
559	46
560	46
561	46
562	46
563	46
564	46
565	46
566	46
567	46
568	46
569	46
570	46
571	46
572	46
573	46
574	46
575	46
576	46
577	46
578	46
579	46
580	46
581	46
582	46
583	46
584	46
585	46
586	46
587	46
588	46
589	46
590	46
591	46
592	46
593	46
594	46
595	46
596	46
597	46
598	46
599	46
600	46
601	46
602	46
603	46
604	46
605	46
606	46
607	46
608	46
609	46
610	46
611	46
612	46
613	46
614	46
615	46
616	46
617	46
618	46
619	46
620	46
621	46
622	46
623	46
624	46
625	46
626	46
627	46
628	46
629	46
630	46
631	46
632	46
633	46
634	46
635	46
636	46
637	46
638	46
639	46
640	46
641	46
642	46
643	46
644	46
645	46
646	46
647	46
648	46
649	46
650	46
651	46
652	46
653	46
654	46
655	46
656	46
657	46
658	46
659	46
660	46
661	46
662	46
663	46
664	46
665	46
666	46
667	46
668	46
669	46
670	46
671	46
672	46
673	46
674	46
675	46
676	46
677	46
678	46
679	46
680	46
681	46
682	46
683	46
684	46
685	46
686	46
687	46
688	46
689	46
690	46
691	46
692	46
693	46
694	46
695	46
696	46
697	46
698	46
699	46
700	46
701	46
702	46
703	47
704	47
705	47
706	47
707	47
708	47
709	47
710	47
711	47
712	47
713	47
714	47
715	47
716	47
717	47
718	47
719	47
720	47
721	47
722	47
723	48
724	48
725	48
726	48
727	48
728	48
729	48
730	48
731	48
732	48
733	48
734	48
735	48
736	48
737	48
738	48
739	48
740	48
741	48
742	48
743	48
744	48
745	48
746	48
747	48
748	48
749	48
750	48
751	48
752	48
753	48
754	48
755	48
756	48
757	48
758	48
759	48
760	48
761	48
762	48
763	48
764	48
765	48
766	48
767	48
768	48
769	48
770	48
771	48
772	48
773	48
774	48
775	48
776	48
777	48
778	48
779	48
780	48
781	48
782	48
783	48
784	48
785	48
786	48
787	48
788	48
789	48
790	48
791	48
792	48
793	48
794	48
795	48
796	48
797	48
798	48
799	48
800	48
801	48
802	48
803	48
804	48
805	48
806	48
807	48
808	48
809	48
810	48
811	48
812	48
813	48
814	48
815	48
816	48
817	48
818	48
819	48
820	48
821	48
822	48
823	48
824	48
825	48
826	48
827	48
828	48
829	48
830	48
831	48
832	48
833	48
834	48
835	48
836	48
837	48
838	48
839	48
840	48
841	48
842	48
843	48
844	48
845	48
846	48
847	48
848	48
849	48
850	48
851	48
852	48
853	48
854	48
855	48
856	48
857	48
858	48
859	48
860	48
861	48
862	48
863	48
864	48
865	48
866	48
867	48
868	48
869	48
870	48
871	48
872	48
873	48
874	48
875	48
876	48
877	48
878	48
879	48
880	48
881	48
882	48
883	48
884	48
885	48
886	48
887	48
888	48
889	48
890	48
891	48
892	48
893	48
894	48
895	48
896	48
897	48
898	48
899	48
900	48
901	48
902	48
903	48
904	48
905	48
906	48
907	48
908	48
909	48
910	48
911	48
912	48
913	48
914	48
915	48
916	48
917	48
918	48
919	48
920	48
921	48
922	48
923	48
924	48
925	48
926	48
927	48
928	48
929	48
930	48
931	48
932	48
933	48
934	48
935	48
936	48
937	48
938	48
939	48
940	48
941	48
942	48
943	48
944	48
945	48
946	48
947	48
948	48
949	48
950	48
951	48
952	48
953	48
954	48
955	48
956	48
957	48
958	48
959	48
960	48
961	48
962	48
963	48
964	48
965	48
966	48
967	48
968	48
969	48
970	48
971	48
972	48
973	48
974	48
975	48
976	48
977	48
978	48
979	48
980	48
981	48
982	48
983	48
984	48
985	48
986	48
987	48
988	48
989	48
990	48
991	48
992	48
993	48
994	48
995	48
996	48
997	48
998	48
999	48
1000	48
1001	48
1002	48
1003	48
1004	48
1005	48
1006	48
1007	48
1008	48
1009	48
1010	48
1011	48
1012	48
1013	48
1014	48
1015	48
1016	48
1017	48
1018	48
1019	48
1020	48
1021	48
1022	48
1023	48
1024	48
1025	48
1026	48
1027	48
1028	48
1029	48
1030	48
1031	48
1032	48
1033	48
1034	48
1035	48
1036	48
1037	48
1038	48
1039	48
1040	48
1041	48
1042	48
1043	48
1044	48
1045	49
1046	49
1047	49
1048	49
1049	49
1050	49
1051	49
1052	49
1053	49
1054	49
1055	49
1056	49
1057	49
1058	49
1059	49
1060	49
1061	49
1062	49
1063	49
1064	49
1065	49
1066	49
1067	49
1068	49
1069	49
1070	49
1071	49
1072	49
1073	49
1074	49
1075	49
1076	49
1077	49
1078	49
1079	49
1080	49
1081	49
1082	49
1083	49
1084	49
1085	49
1086	49
1087	49
1088	49
1089	49
1090	49
1091	49
1092	49
1093	49
1094	49
1095	49
1096	49
1097	49
1098	49
1099	49
1100	49
1101	49
1102	49
1103	49
1104	49
1105	49
1106	49
1107	49
1108	49
1109	49
1110	49
1111	49
1112	49
1113	49
1114	49
1115	49
1116	49
1117	49
1118	49
1119	49
1120	49
1121	49
1122	49
1123	49
1124	49
1125	49
1126	49
1127	49
1128	49
1129	49
1130	49
1131	49
1132	49
1133	49
1134	49
1135	49
1136	49
1137	49
1138	49
1139	49
1140	49
1141	49
1142	49
1143	49
1144	49
1145	49
1146	49
1147	49
1148	49
1149	49
1150	49
1151	49
1152	49
1153	49
1154	49
1155	49
1156	49
1157	49
1158	49
1159	49
1160	49
1161	49
1162	49
1163	49
1164	49
1165	49
1166	49
1167	49
1168	49
1169	49
1170	49
1171	49
1172	49
1173	49
1174	49
1175	49
1176	49
1177	49
1178	49
1179	49
1180	49
1181	49
1182	49
1183	49
1184	49
1185	49
1186	49
1187	49
1188	49
1189	49
1190	49
1191	49
1192	49
1193	49
1194	49
1195	49
1196	49
1197	49
1198	49
1199	49
1200	49
1201	49
1202	49
1203	49
1204	49
1205	49
1206	49
1207	49
1208	49
1209	49
1210	49
1211	49
1212	49
1213	49
1214	49
1215	49
1216	49
1217	49
1218	49
1219	49
1220	49
1221	49
1222	49
1223	49
1224	49
1225	49
1226	49
1227	49
1228	49
1229	49
1230	49
1231	49
1232	49
1233	49
1234	49
1235	49
1236	49
1237	49
1238	49
1239	49
1240	49
1241	49
1242	49
1243	49
1244	49
1245	49
1246	49
1247	49
1248	49
1249	49
1250	49
1251	49
1252	49
1253	49
1254	49
1255	49
1256	49
1257	49
1258	49
1259	49
1260	49
1261	49
1262	49
1263	49
1264	49
1265	49
1266	49
1267	49
1268	49
1269	49
1270	49
1271	49
1272	49
1273	49
1274	49
1275	49
1276	49
1277	49
1278	49
1279	49
1280	49
1281	49
1282	49
1283	49
1284	49
1285	49
1286	49
1287	49
1288	49
1289	49
1290	49
1291	49
1292	49
1293	49
1294	49
1295	49
1296	49
1297	49
1298	49
1299	49
1300	49
1301	49
1302	49
1303	49
1304	49
1305	49
1306	49
1307	49
1308	49
1309	49
1310	49
1311	49
1312	49
1313	49
1314	49
1315	49
1316	49
1317	49
1318	49
1319	49
1320	49
1321	49
1322	49
1323	49
1324	49
1325	49
1326	49
1327	49
1328	49
1329	49
1330	49
1331	49
1332	49
1333	49
1334	49
1335	49
1336	49
1337	49
1338	49
1339	49
1340	49
1341	49
1342	49
1343	49
1344	49
1345	49
1346	49
1347	49
1348	49
1349	49
1350	49
1351	49
1352	49
1353	49
1354	49
1355	49
1356	49
1357	49
1358	49
1359	49
1360	49
1361	49
1362	49
1363	49
1364	49
1365	49
1366	49
1367	49
1368	49
1369	49
1370	49
1371	49
1372	49
1373	49
1374	49
1375	49
1376	49
1377	49
1378	49
1379	49
1380	49
1381	49
1382	49
1383	49
1384	49
1385	49
1386	49
1387	49
1388	49
1389	49
1390	49
1391	49
1392	49
1393	49
1394	49
1395	49
1396	49
1397	49
1398	49
1399	49
1400	49
1401	49
1402	49
1403	49
1404	49
1405	49
1406	49
1407	49
1408	49
1409	49
1410	49
1411	49
1412	49
1413	49
1414	49
1415	49
1416	49
1417	49
1418	49
1419	49
1420	49
1421	49
1422	49
1423	49
1424	49
1425	49
1426	49
1427	49
1428	49
1429	49
1430	49
1431	49
1432	49
1433	49
1434	49
1435	49
1436	49
1437	49
1438	49
1439	49
1440	49
1441	49
1442	49
1443	49
1444	49
1445	49
1446	49
1447	49
1448	49
1449	49
1450	49
1451	49
1452	50
1453	50
1454	50
1455	50
1456	50
1457	50
1458	50
1459	50
1460	50
1461	50
1462	50
1463	50
1464	50
1465	50
1466	50
1467	50
1468	50
1469	50
1470	50
1471	50
1472	50
1473	50
1474	50
1475	50
1476	50
1477	50
1478	50
1479	50
1480	50
1481	50
1482	50
1483	50
1484	50
1485	50
1486	50
1487	50
1488	50
1489	50
1490	50
1491	50
1492	50
1493	50
1494	50
1495	50
1496	50
1497	50
1498	50
1499	50
1500	50
1501	50
1502	50
1503	50
1504	50
1505	50
1506	50
1507	50
1508	50
1509	50
1510	50
1511	50
1512	50
1513	50
1514	50
1515	50
1516	50
1517	50
1518	50
1519	50
1520	50
1521	50
1522	50
1523	50
1524	50
1525	50
1526	50
1527	50
1528	50
1529	50
1530	50
1531	50
1532	50
1533	50
1534	50
1535	50
1536	50
1537	50
1538	50
1539	50
1540	50
1541	50
1542	50
1543	50
1544	50
1545	50
1546	50
1547	50
1548	50
1549	50
1550	50
1551	50
1552	50
1553	50
1554	50
1555	50
1556	50
1557	50
1558	50
1559	50
1560	50
1561	50
1562	50
1563	50
1564	50
1565	50
1566	50
1567	50
1568	50
1569	50
1570	50
1571	50
1572	50
1573	50
1574	50
1575	50
1576	50
1577	50
1578	50
1579	50
1580	50
1581	50
1582	50
1583	50
1584	50
1585	50
1586	50
1587	50
1588	50
1589	50
1590	50
1591	50
1592	50
1593	50
1594	50
1595	50
1596	50
1597	50
1598	50
1599	50
1600	50
1601	50
1602	50
1603	50
1604	50
1605	50
1606	50
1607	50
1608	50
1609	50
1610	50
1611	50
1612	50
1613	50
1614	50
1615	50
1616	50
1617	50
1618	50
1619	50
1620	50
1621	50
1622	50
1623	50
1624	50
1625	50
1626	50
1627	50
1628	50
1629	50
1630	50
1631	50
1632	50
1633	50
1634	50
1635	50
1636	50
1637	50
1638	50
1639	50
1640	50
1641	50
1642	50
1643	50
1644	50
1645	50
1646	50
1647	50
1648	50
1649	50
1650	50
1651	50
1652	50
1653	50
1654	50
1655	50
1656	50
1657	50
1658	50
1659	50
1660	50
1661	50
1662	50
1663	50
1664	50
1665	50
1666	50
1667	50
1668	50
1669	50
1670	50
1671	50
1672	50
1673	50
1674	50
1675	50
1676	50
1677	50
1678	50
1679	50
1680	50
1681	50
1682	50
1683	50
1684	50
1685	50
1686	50
1687	50
1688	50
1689	50
1690	50
1691	50
1692	50
1693	50
1694	50
1695	50
1696	50
1697	50
1698	50
1699	50
1700	50
1701	50
1702	50
1703	50
1704	50
1705	50
1706	50
1707	50
1708	50
1709	50
1710	50
1711	50
1712	50
1713	50
1714	50
1715	50
1716	50
1717	50
1718	50
1719	50
1720	50
1721	50
1722	50
1723	50
1724	50
1725	50
1726	50
1727	50
1728	50
1729	50
1730	50
1731	50
1732	50
1733	50
1734	50
1735	50
1736	50
1737	50
1738	50
1739	50
1740	50
1741	50
1742	50
1743	50
1744	50
1745	50
1746	50
1747	50
1748	50
1749	50
1750	50
1751	50
1752	50
1753	50
1754	50
1755	50
1756	50
1757	50
1758	50
1759	50
1760	50
1761	50
1762	50
1763	50
1764	50
1765	50
1766	50
1767	50
1768	50
1769	50
1770	50
1771	50
1772	50
1773	50
1774	50
1775	50
1776	50
1777	50
1778	50
1779	50
1780	50
1781	50
1782	50
1783	50
1784	50
1785	50
1786	50
1787	50
1788	50
1789	50
1790	50
1791	50
1792	50
1793	50
1794	50
1795	50
1796	50
1797	50
1798	50
1799	50
1800	50
1801	50
1802	50
1803	50
1804	50
1805	50
1806	50
1807	50
1808	50
1809	50
1810	50
1811	50
1812	50
1813	50
1814	50
1815	50
1816	50
1817	50
1818	50
1819	50
1820	50
1821	50
1822	50
1823	50
1824	50
1825	50
1826	50
1827	50
1828	50
1829	50
1830	50
1831	50
1832	50
1833	50
1834	50
1835	50
1836	50
1837	50
1838	50
1839	50
1840	51
1841	51
1842	51
1843	51
1844	51
1845	51
1846	51
1847	51
1848	51
1849	51
1850	51
1851	51
1852	51
1853	51
1854	51
1855	51
1856	51
1857	51
1858	51
1859	51
1860	51
1861	51
1862	51
1863	51
1864	51
1865	51
1866	51
1867	51
1868	51
1869	51
1870	51
1871	51
1872	51
1873	51
1874	51
1875	51
1876	51
1877	51
1878	51
1879	51
1880	51
1881	51
1882	51
1883	51
1884	51
1885	51
1886	51
1887	51
1888	51
1889	51
1890	51
1891	51
1892	51
1893	51
1894	51
1895	51
1896	51
1897	51
1898	51
1899	51
1900	51
1901	51
1902	51
1903	51
1904	51
1905	51
1906	51
1907	51
1908	51
1909	51
1910	51
1911	51
1912	51
1913	51
1914	51
1915	51
1916	51
1917	51
1918	51
1919	51
1920	51
1921	51
1922	51
1923	51
1924	51
1925	51
1926	51
1927	51
1928	51
1929	51
1930	51
1931	51
1932	51
1933	51
1934	51
1935	51
1936	51
1937	51
1938	51
1939	51
1940	51
1941	51
1942	51
1943	51
1944	51
1945	51
1946	51
1947	51
1948	51
1949	51
1950	51
1951	51
1952	51
1953	51
1954	51
1955	51
1956	51
1957	51
1958	51
1959	51
1960	51
1961	51
1962	51
1963	51
1964	51
1965	51
1966	51
1967	51
1968	51
1969	51
1970	51
1971	51
1972	51
1973	51
1974	51
1975	51
1976	51
1977	51
1978	51
1979	51
1980	51
1981	51
1982	51
1983	51
1984	51
1985	51
1986	51
1987	51
1988	51
1989	51
1990	51
1991	51
1992	51
1993	51
1994	51
1995	51
1996	51
1997	51
1998	51
1999	51
2000	51
2001	51
2002	51
2003	51
2004	51
2005	51
2006	51
2007	51
2008	51
2009	51
2010	51
2011	51
2012	51
2013	51
2014	51
2015	51
2016	51
2017	51
2018	51
2019	51
2020	51
2021	51
2022	51
2023	51
2024	51
2025	51
2026	51
2027	51
2028	51
2029	51
2030	51
2031	51
2032	51
2033	51
2034	51
2035	51
2036	51
2037	51
2038	51
2039	51
2040	51
2041	51
2042	51
2043	51
2044	51
2045	51
2046	51
2047	51
2048	51
2049	51
2050	51
2051	51
2052	51
2053	51
2054	51
2055	51
2056	51
2057	51
2058	52
2059	52
2060	52
2061	52
2062	52
2063	52
2064	52
2065	52
2066	52
2067	52
2068	52
2069	52
2070	52
2071	52
2072	52
2073	52
2074	52
2075	52
2076	52
2077	52
2078	52
2079	52
2080	52
2081	52
2082	52
2083	52
2084	53
2085	53
2086	53
2087	53
2088	53
2089	53
2090	53
2091	53
2092	53
2093	53
2094	53
2095	53
2096	53
2097	53
2098	53
2099	53
2100	53
2101	53
2102	53
2103	53
2104	53
2105	53
2106	53
2107	53
2108	53
2109	53
2110	53
2111	53
2112	53
2113	53
2114	53
2115	53
2116	53
2117	53
2118	53
2119	53
2120	53
2121	53
2122	53
2123	53
2124	53
2125	53
2126	53
2127	53
2128	53
2129	53
2130	53
2131	53
2132	53
2133	53
2134	53
2135	53
2136	53
2137	53
2138	53
2139	53
2140	53
2141	53
2142	53
2143	53
2144	53
2145	53
2146	53
2147	53
2148	53
2149	53
2150	53
2151	53
2152	53
2153	53
2154	53
2155	53
2156	53
2157	53
2158	53
2159	53
2160	53
2161	53
2162	53
2163	53
2164	53
2165	53
2166	53
2167	53
2168	53
2169	53
2170	53
2171	53
2172	53
2173	53
2174	53
2175	53
2176	53
2177	53
2178	53
2179	53
2180	53
2181	53
2182	53
2183	53
2184	53
2185	53
2186	53
2187	53
2188	53
2189	53
2190	53
2191	53
2192	53
2193	53
2194	53
2195	53
2196	53
2197	53
2198	53
2199	53
2200	53
2201	53
2202	53
2203	53
2204	53
2205	53
2206	53
2207	53
2208	53
2209	53
2210	53
2211	53
2212	53
2213	53
2214	53
2215	53
2216	53
2217	53
2218	53
2219	53
2220	53
2221	53
2222	53
2223	53
2224	53
2225	53
2226	53
2227	53
2228	53
2229	53
2230	53
2231	53
2232	53
2233	53
2234	53
2235	53
2236	53
2237	53
2238	53
2239	53
2240	53
2241	53
2242	53
2243	53
2244	53
2245	53
2246	53
2247	53
2248	53
2249	53
2250	53
2251	53
2252	53
2253	53
2254	53
2255	53
2256	53
2257	53
2258	53
2259	53
2260	53
2261	53
2262	53
2263	53
2264	53
2265	53
2266	53
2267	53
2268	53
2269	53
2270	53
2271	53
2272	53
2273	53
2274	53
2275	53
2276	53
2277	53
2278	53
2279	53
2280	53
2281	53
2282	53
2283	53
2284	53
2285	53
2286	53
2287	53
2288	53
2289	53
2290	53
2291	53
2292	53
2293	53
2294	53
2295	53
2296	53
2297	53
2298	53
2299	53
2300	53
2301	53
2302	53
2303	53
2304	53
2305	53
2306	53
2307	53
2308	53
2309	53
2310	53
2311	53
2312	53
2313	53
2314	53
2315	53
2316	53
2317	53
2318	53
2319	53
2320	53
2321	53
2322	53
2323	53
2324	53
2325	53
2326	53
2327	53
2328	53
2329	53
2330	53
2331	53
2332	53
2333	53
2334	53
2335	53
2336	53
2337	53
2338	53
2339	53
2340	53
2341	53
2342	53
2343	53
2344	53
2345	53
2346	53
2347	53
2348	53
2349	53
2350	53
2351	53
2352	53
2353	53
2354	53
2355	53
2356	53
2357	53
2358	53
2359	53
2360	53
2361	53
2362	53
2363	53
2364	53
2365	53
2366	53
2367	54
