N	V
0	1
1	2
2	3
3	3
4	4
5	5
6	6
7	6
8	6
9	7
10	8
11	8
12	8
13	8
14	8
15	9
16	10
17	10
18	11
19	12
20	13
21	13
22	14
23	14
24	14
25	14
26	14
27	15
28	15
29	16
30	16
31	17
32	18
33	18
34	19
35	19
36	19
37	20
38	21
39	21
40	21
41	22
42	22
43	22
44	23
45	23
46	24
47	24
48	24
49	24
50	24
51	24
52	25
53	25
54	25
55	25
56	25
57	25
58	25
59	25
60	25
61	25
62	25
63	25
64	25
65	25
66	25
67	26
68	26
69	27
70	27
71	27
72	28
73	28
74	28
75	28
76	28
77	28
78	28
79	28
80	28
81	28
82	29
83	29
84	29
85	29
86	29
87	29
88	30
89	30
90	30
91	30
92	30
93	30
94	30
95	30
96	30
97	30
98	30
99	30
100	30
101	30
102	30
103	30
104	30
105	31
106	31
107	31
108	31
109	31
110	31
111	31
112	31
113	31
114	32
115	32
116	32
117	32
118	32
119	32
120	32
121	32
122	32
123	32
124	33
125	33
126	33
127	33
128	33
129	33
130	33
131	34
132	34
133	35
134	35
135	35
136	36
137	36
138	36
139	36
140	36
141	36
142	36
143	36
144	36
145	36
146	37
147	37
148	37
149	37
150	37
151	37
152	37
153	37
154	37
155	37
156	37
157	37
158	38
159	38
160	39
161	39
162	39
163	39
164	39
165	39
166	39
167	39
168	39
169	39
170	39
171	39
172	39
173	39
174	39
175	39
176	39
177	39
178	39
179	39
180	39
181	39
182	39
183	39
184	39
185	39
186	39
187	40
188	40
189	41
190	41
191	41
192	41
193	41
194	41
195	41
196	41
197	41
198	41
199	41
200	41
201	41
202	41
203	42
204	42
205	42
206	43
207	43
208	43
209	43
210	43
211	43
212	43
213	43
214	44
215	44
216	44
217	44
218	45
219	45
220	45
221	45
222	45
223	45
224	45
225	45
226	45
227	45
228	45
229	45
230	45
231	45
232	45
233	45
234	45
235	45
236	45
237	45
238	45
239	45
240	45
241	45
242	45
243	45
244	45
245	45
246	45
247	45
248	45
249	45
250	45
251	45
252	45
253	45
254	45
255	45
256	45
257	45
258	45
259	45
260	45
261	45
262	45
263	45
264	45
265	45
266	45
267	45
268	45
269	45
270	45
271	45
272	45
273	45
274	45
275	45
276	45
277	45
278	46
279	46
280	46
281	46
282	46
283	46
284	47
285	47
286	47
287	47
288	47
289	47
290	47
291	47
292	47
293	47
294	47
295	47
296	47
297	47
298	47
299	47
300	47
301	47
302	47
303	47
304	47
305	47
306	47
307	47
308	47
309	47
310	47
311	47
312	47
313	47
314	47
315	47
316	47
317	47
318	47
319	47
320	47
321	48
322	48
323	48
324	48
325	48
326	48
327	48
328	48
329	48
330	48
331	48
332	48
333	48
334	48
335	48
336	48
337	48
338	48
339	49
340	49
341	49
342	49
343	49
344	49
345	49
346	49
347	49
348	49
349	49
350	49
351	49
352	49
353	49
354	49
355	49
356	49
357	49
358	50
359	50
360	50
361	50
362	50
363	50
364	50
365	50
366	50
367	50
368	50
369	50
370	50
371	50
372	50
373	50
374	50
375	50
376	50
377	50
378	50
379	50
380	50
381	50
382	50
383	50
384	50
385	50
386	50
387	50
388	50
389	50
390	50
391	50
392	50
393	50
394	50
395	50
396	50
397	50
398	50
399	51
400	51
401	51
402	51
403	51
404	51
405	52
406	52
407	52
408	52
409	52
410	52
411	52
412	52
413	52
414	52
415	52
416	52
417	52
418	52
419	52
420	52
421	52
422	52
423	52
424	52
425	52
426	52
427	52
428	52
429	52
430	52
431	52
432	52
433	52
434	52
435	52
436	52
437	52
438	52
439	52
440	52
441	52
442	52
443	52
444	52
445	52
446	52
447	52
448	52
449	52
450	52
451	52
452	52
453	52
454	52
455	52
456	52
457	52
458	52
459	52
460	52
461	52
462	52
463	52
464	52
465	52
466	52
467	52
468	52
469	52
470	52
471	52
472	52
473	52
474	52
475	52
476	52
477	52
478	52
479	52
480	52
481	52
482	53
483	53
484	53
485	53
486	53
487	53
488	53
489	53
490	53
491	53
492	53
493	53
494	53
495	53
496	53
497	53
498	53
499	54
500	54
501	54
502	54
503	54
504	54
505	54
506	54
507	54
508	54
509	54
510	54
511	54
512	54
513	54
514	54
515	54
516	54
517	54
518	54
519	54
520	54
521	54
522	54
523	54
524	54
525	54
526	54
527	54
528	54
529	54
530	54
531	54
532	54
533	54
534	54
535	54
536	54
537	54
538	54
539	54
540	54
541	54
542	54
543	54
544	54
545	54
546	54
547	54
548	54
549	54
550	54
551	54
552	54
553	54
554	54
555	54
556	54
557	54
558	54
559	54
560	54
561	54
562	54
563	54
564	54
565	54
566	54
567	54
568	54
569	54
570	54
571	54
572	54
573	54
574	54
575	54
576	54
577	54
578	54
579	54
580	54
581	54
582	54
583	54
584	54
585	54
586	54
587	54
588	54
589	54
590	54
591	54
592	54
593	54
594	54
595	54
596	54
597	54
598	54
599	54
600	54
601	54
602	54
603	54
604	54
605	54
606	54
607	54
608	54
609	54
610	54
611	54
612	54
613	54
614	54
615	54
616	54
617	54
618	54
619	54
620	54
621	54
622	54
623	54
624	54
625	54
626	54
627	54
628	54
629	54
630	54
631	54
632	54
633	54
634	54
635	54
636	54
637	54
638	54
639	54
640	54
641	54
642	54
643	54
644	54
645	54
646	54
647	54
648	54
649	54
650	54
651	54
652	54
653	54
654	54
655	54
656	54
657	54
658	54
659	54
660	54
661	54
662	54
663	54
664	54
665	54
666	54
667	54
668	54
669	54
670	54
671	54
672	54
673	54
674	54
675	54
676	54
677	54
678	54
679	54
680	54
681	54
682	54
683	54
684	54
685	54
686	54
687	54
688	54
689	54
690	54
691	54
692	54
693	54
694	54
695	54
696	54
697	54
698	54
699	54
700	54
701	54
702	54
703	54
704	54
705	54
706	54
707	54
708	54
709	54
710	54
711	54
712	54
713	54
714	54
715	54
716	54
717	54
718	54
719	54
720	54
721	55
722	55
723	55
724	55
725	55
726	55
727	55
728	55
729	55
730	55
731	55
732	55
733	55
734	55
735	55
736	55
737	56
738	56
739	56
740	57
741	57
742	57
743	57
744	57
745	57
746	57
747	57
748	57
749	57
750	57
751	57
752	57
753	57
754	57
755	57
756	57
757	57
758	57
759	57
760	57
761	57
762	57
763	57
764	57
765	57
766	57
767	57
768	57
769	57
770	57
771	57
772	57
773	57
774	57
775	57
776	57
777	57
778	57
779	57
780	57
781	57
782	57
783	57
784	57
785	57
786	57
787	57
788	57
789	57
790	57
791	57
792	57
793	57
794	57
795	57
796	57
797	57
798	57
799	57
800	57
801	57
802	57
803	57
804	57
805	57
806	57
807	57
808	57
809	57
810	57
811	57
812	57
813	57
814	57
815	57
816	57
817	57
818	57
819	57
820	57
821	57
822	57
823	57
824	57
825	57
826	57
827	57
828	57
829	58
830	58
831	58
832	58
833	58
834	58
835	58
836	58
837	58
838	58
839	58
840	58
841	58
842	58
843	58
844	58
845	58
846	58
847	58
848	58
849	58
850	58
851	58
852	58
853	58
854	58
855	58
856	58
857	58
858	58
859	58
860	58
861	58
862	58
863	58
864	58
865	58
866	58
867	58
868	59
869	59
870	59
871	60
872	60
873	60
874	60
875	60
876	60
877	60
878	60
879	60
880	60
881	60
882	60
883	60
884	60
885	60
886	60
887	60
888	60
889	60
890	60
891	61
892	61
893	61
894	61
895	61
896	61
897	61
898	61
899	61
900	61
901	61
902	61
903	61
904	61
905	61
906	61
907	62
908	62
909	62
910	62
911	62
912	62
913	62
914	62
915	62
916	62
917	62
918	62
919	62
920	62
921	62
922	62
923	62
924	62
925	62
926	62
927	62
928	62
929	62
930	62
931	62
932	62
933	62
934	62
935	62
936	62
937	62
938	62
939	62
940	62
941	62
942	62
943	62
944	62
945	62
946	62
947	62
948	62
949	62
950	62
951	62
952	62
953	62
954	62
955	62
956	62
957	62
958	62
959	62
960	62
961	62
962	62
963	62
964	62
965	62
966	62
967	62
968	62
969	62
970	62
971	62
972	62
973	62
974	62
975	62
976	62
977	62
978	62
979	62
980	62
981	62
982	62
983	62
984	62
985	62
986	62
987	62
988	62
989	62
990	62
991	62
992	62
993	62
994	62
995	62
996	62
997	62
998	62
999	62
1000	63
1001	63
1002	63
1003	63
1004	63
1005	63
1006	63
1007	63
1008	63
1009	63
1010	63
1011	63
1012	63
1013	63
1014	63
1015	63
1016	63
1017	63
1018	63
1019	63
1020	63
1021	63
1022	63
1023	63
1024	63
1025	63
1026	63
1027	63
1028	63
1029	63
1030	63
1031	63
1032	63
1033	63
1034	63
1035	63
1036	63
1037	63
1038	63
1039	63
1040	63
1041	63
1042	63
1043	63
1044	63
1045	63
1046	63
1047	63
1048	63
1049	63
1050	63
1051	63
1052	63
1053	63
1054	63
1055	63
1056	63
1057	63
1058	63
1059	63
1060	63
1061	63
1062	63
1063	63
1064	63
1065	63
1066	63
1067	63
1068	63
1069	63
1070	63
1071	63
1072	63
1073	63
1074	63
1075	63
1076	63
1077	63
1078	63
1079	63
1080	63
1081	63
1082	63
1083	63
1084	64
1085	64
1086	64
1087	64
1088	64
1089	64
1090	65
1091	65
1092	65
1093	65
1094	65
1095	65
1096	65
1097	65
1098	66
1099	66
1100	66
1101	66
1102	66
1103	66
1104	66
1105	66
1106	66
1107	66
1108	66
1109	66
1110	66
1111	66
1112	66
1113	66
1114	66
1115	66
1116	66
1117	66
1118	66
1119	66
1120	66
1121	66
1122	66
1123	66
1124	66
1125	66
1126	66
1127	66
1128	66
1129	66
1130	66
1131	66
1132	66
1133	66
1134	66
1135	66
1136	66
1137	66
1138	66
1139	66
1140	66
1141	66
1142	66
1143	66
1144	66
1145	66
1146	66
1147	66
1148	66
1149	66
1150	66
1151	66
1152	66
1153	66
1154	66
1155	66
1156	66
1157	66
1158	66
1159	66
1160	66
1161	66
1162	66
1163	66
1164	66
1165	66
1166	66
1167	66
1168	66
1169	66
1170	66
1171	66
1172	66
1173	66
1174	66
1175	66
1176	66
1177	66
1178	66
1179	66
1180	66
1181	66
1182	66
1183	66
1184	66
1185	66
1186	66
1187	66
1188	66
1189	66
1190	66
1191	66
1192	66
1193	66
1194	66
1195	66
1196	66
1197	66
1198	66
1199	66
1200	66
1201	66
1202	66
1203	66
1204	66
1205	66
1206	66
1207	66
1208	66
1209	66
1210	66
1211	66
1212	66
1213	66
1214	66
1215	66
1216	66
1217	66
1218	66
1219	66
1220	66
1221	66
1222	66
1223	66
1224	66
1225	66
1226	66
1227	66
1228	66
1229	66
1230	66
1231	66
1232	66
1233	66
1234	66
1235	66
1236	66
1237	66
1238	66
1239	66
1240	66
1241	66
1242	66
1243	66
1244	66
1245	66
1246	66
1247	66
1248	66
1249	66
1250	66
1251	66
1252	66
1253	66
1254	66
1255	66
1256	66
1257	66
1258	66
1259	66
1260	66
1261	66
1262	66
1263	66
1264	66
1265	66
1266	66
1267	66
1268	66
1269	66
1270	66
1271	66
1272	66
1273	66
1274	66
1275	66
1276	66
1277	66
1278	66
1279	66
1280	66
1281	66
1282	66
1283	66
1284	66
1285	66
1286	66
1287	66
1288	66
1289	66
1290	66
1291	66
1292	66
1293	66
1294	66
1295	66
1296	66
1297	66
1298	66
1299	66
1300	66
1301	66
1302	66
1303	66
1304	66
1305	66
1306	66
1307	66
1308	66
1309	66
1310	66
1311	66
1312	66
1313	66
1314	66
1315	66
1316	66
1317	66
1318	66
1319	66
1320	66
1321	66
1322	66
1323	66
1324	66
1325	66
1326	66
1327	66
1328	66
1329	67
1330	67
1331	67
1332	67
1333	67
1334	67
1335	67
1336	67
1337	67
1338	67
1339	67
1340	67
1341	67
1342	67
1343	67
1344	67
1345	67
1346	67
1347	67
1348	67
1349	67
1350	67
1351	67
1352	67
1353	67
1354	67
1355	67
1356	67
1357	67
1358	67
1359	67
1360	67
1361	67
1362	67
1363	67
1364	67
1365	67
1366	67
1367	67
1368	67
1369	67
1370	67
1371	67
1372	67
1373	67
1374	67
1375	67
1376	67
1377	67
1378	67
1379	67
1380	67
1381	67
1382	67
1383	67
1384	67
1385	67
1386	67
1387	67
1388	67
1389	67
1390	67
1391	67
1392	67
1393	67
1394	67
1395	67
1396	67
1397	67
1398	67
1399	67
1400	67
1401	67
1402	67
1403	67
1404	67
1405	67
1406	67
1407	67
1408	67
1409	67
1410	67
1411	67
1412	67
1413	67
1414	67
1415	67
1416	67
1417	67
1418	68
1419	68
1420	68
1421	68
1422	68
1423	68
1424	68
1425	68
1426	68
1427	68
1428	68
1429	68
1430	68
1431	68
1432	68
1433	68
1434	68
1435	68
1436	68
1437	68
1438	68
1439	68
1440	68
1441	68
1442	68
1443	68
1444	68
1445	68
1446	68
1447	68
1448	68
1449	68
1450	68
1451	68
1452	68
1453	68
1454	68
1455	68
1456	68
1457	68
1458	69
1459	69
1460	69
1461	69
1462	69
1463	69
1464	69
1465	69
1466	69
1467	69
1468	69
1469	69
1470	69
1471	69
1472	69
1473	69
1474	69
1475	69
1476	69
1477	69
1478	69
1479	69
1480	69
1481	69
1482	69
1483	69
1484	69
1485	69
1486	69
1487	69
1488	69
1489	69
1490	69
1491	69
1492	69
1493	69
1494	69
1495	69
1496	69
1497	69
1498	69
1499	69
1500	69
1501	69
1502	69
1503	69
1504	69
1505	69
1506	69
1507	69
1508	69
1509	69
1510	69
1511	69
1512	69
1513	69
1514	69
1515	69
1516	69
1517	69
1518	69
1519	69
1520	69
1521	69
1522	69
1523	69
1524	69
1525	69
1526	69
1527	69
1528	69
1529	69
1530	69
1531	69
1532	69
1533	69
1534	69
1535	69
1536	69
1537	69
1538	69
1539	69
1540	69
1541	69
1542	69
1543	69
1544	69
1545	69
1546	69
1547	69
1548	69
1549	69
1550	69
1551	69
1552	69
1553	69
1554	69
1555	69
1556	69
1557	69
1558	69
1559	69
1560	69
1561	69
1562	69
1563	69
1564	69
1565	69
1566	69
1567	69
1568	69
1569	69
1570	69
1571	69
1572	69
1573	69
1574	69
1575	69
1576	69
1577	69
1578	69
1579	69
1580	69
1581	69
1582	69
1583	69
1584	69
1585	69
1586	69
1587	69
1588	69
1589	69
1590	69
1591	69
1592	69
1593	69
1594	69
1595	69
1596	69
1597	69
1598	69
1599	69
1600	69
1601	69
1602	69
1603	69
1604	69
1605	69
1606	69
1607	69
1608	69
1609	69
1610	69
1611	69
1612	69
1613	69
1614	69
1615	69
1616	69
1617	69
1618	69
1619	69
1620	69
1621	69
1622	69
1623	69
1624	69
1625	69
1626	69
1627	69
1628	69
1629	69
1630	69
1631	69
1632	69
1633	69
1634	69
1635	69
1636	69
1637	69
1638	69
1639	69
1640	69
1641	69
1642	69
1643	69
1644	69
1645	69
1646	69
1647	69
1648	69
1649	69
1650	69
1651	69
1652	69
1653	69
1654	69
1655	69
1656	69
1657	69
1658	69
1659	69
1660	69
1661	69
1662	69
1663	69
1664	69
1665	69
1666	69
1667	69
1668	69
1669	69
1670	69
1671	69
1672	69
1673	69
1674	69
1675	69
1676	69
1677	69
1678	69
1679	69
1680	69
1681	69
1682	69
1683	69
1684	69
1685	69
1686	69
1687	69
1688	69
1689	69
1690	69
1691	69
1692	69
1693	69
1694	69
1695	69
1696	69
1697	69
1698	69
1699	69
1700	69
1701	69
1702	69
1703	69
1704	69
1705	69
1706	69
1707	69
1708	69
1709	69
1710	69
1711	69
1712	69
1713	69
1714	69
1715	69
1716	69
1717	69
1718	69
1719	69
1720	69
1721	69
1722	69
1723	69
1724	69
1725	69
1726	69
1727	69
1728	69
1729	69
1730	69
1731	69
1732	69
1733	69
1734	69
1735	69
1736	69
1737	69
1738	69
1739	69
1740	69
1741	69
1742	69
1743	69
1744	69
1745	69
1746	69
1747	69
1748	69
1749	69
1750	69
1751	69
1752	69
1753	69
1754	69
1755	69
1756	69
1757	69
1758	69
1759	69
1760	69
1761	69
1762	69
1763	69
1764	69
1765	69
1766	69
1767	69
1768	69
1769	69
1770	69
1771	69
1772	69
1773	69
1774	69
1775	69
1776	69
1777	69
1778	69
1779	69
1780	69
1781	69
1782	69
1783	69
1784	69
1785	69
1786	69
1787	69
1788	69
1789	69
1790	69
1791	69
1792	69
1793	69
1794	69
1795	69
1796	69
1797	69
1798	69
1799	69
1800	69
1801	69
1802	69
1803	69
1804	69
1805	69
1806	69
1807	69
1808	69
1809	69
1810	69
1811	69
1812	69
1813	69
1814	69
1815	69
1816	69
1817	69
1818	69
1819	69
1820	69
1821	69
1822	69
1823	69
1824	69
1825	69
1826	69
1827	69
1828	69
1829	69
1830	69
1831	69
1832	69
1833	69
1834	69
1835	69
1836	69
1837	69
1838	69
1839	69
1840	69
1841	69
1842	69
1843	69
1844	69
1845	69
1846	69
1847	69
1848	69
1849	69
1850	69
1851	69
1852	69
1853	69
1854	69
1855	69
1856	69
1857	69
1858	69
1859	69
1860	69
1861	69
1862	69
1863	69
1864	69
1865	69
1866	69
1867	69
1868	69
1869	69
1870	69
1871	69
1872	69
1873	69
1874	69
1875	69
1876	69
1877	69
1878	69
1879	69
1880	69
1881	69
1882	69
1883	69
1884	69
1885	69
1886	69
1887	69
1888	69
1889	69
1890	69
1891	69
1892	69
1893	69
1894	69
1895	69
1896	69
1897	69
1898	69
1899	69
1900	69
1901	69
1902	69
1903	69
1904	69
1905	69
1906	69
1907	69
1908	69
1909	69
1910	69
1911	69
1912	69
1913	69
1914	69
1915	69
1916	69
1917	69
1918	69
1919	69
1920	69
1921	69
1922	69
1923	69
1924	69
1925	69
1926	69
1927	69
1928	69
1929	69
1930	69
1931	69
1932	69
1933	69
1934	69
1935	69
1936	69
1937	69
1938	69
1939	69
1940	69
1941	69
1942	69
1943	69
1944	69
1945	69
1946	69
1947	69
1948	69
1949	69
1950	69
1951	69
1952	69
1953	69
1954	69
1955	69
1956	69
1957	69
1958	69
1959	69
1960	69
1961	69
1962	69
1963	69
1964	69
1965	69
1966	69
1967	69
1968	69
1969	69
1970	69
1971	69
1972	69
1973	69
1974	69
1975	69
1976	69
1977	69
1978	69
1979	69
1980	69
1981	69
1982	69
1983	69
1984	69
1985	69
1986	69
1987	69
1988	69
1989	69
1990	69
1991	69
1992	69
1993	69
1994	69
1995	69
1996	69
1997	69
1998	69
1999	69
2000	69
2001	69
2002	69
2003	69
2004	69
2005	69
2006	69
2007	69
2008	69
2009	69
2010	69
2011	69
2012	69
2013	69
2014	69
2015	69
2016	69
2017	69
2018	69
2019	69
2020	69
2021	69
2022	69
2023	69
2024	69
2025	69
2026	69
2027	69
2028	69
2029	69
2030	69
2031	69
2032	69
2033	69
2034	69
2035	69
2036	69
2037	69
2038	69
2039	69
2040	69
2041	69
2042	69
2043	69
2044	69
2045	69
2046	69
2047	69
2048	69
2049	69
2050	69
2051	69
2052	69
2053	69
2054	69
2055	69
2056	69
2057	69
2058	69
2059	69
2060	69
2061	69
2062	69
2063	69
2064	69
2065	69
2066	69
2067	69
2068	69
2069	69
2070	69
2071	69
2072	69
2073	69
2074	69
2075	69
2076	69
2077	69
2078	69
2079	69
2080	69
2081	69
2082	69
2083	69
2084	69
2085	69
2086	69
2087	69
2088	69
2089	69
2090	69
2091	69
2092	69
2093	69
2094	69
2095	69
2096	69
2097	69
2098	69
2099	69
2100	69
2101	69
2102	69
2103	69
2104	69
2105	69
2106	69
2107	69
2108	69
2109	69
2110	69
2111	69
2112	69
2113	69
2114	69
2115	69
2116	69
2117	69
2118	69
2119	69
2120	69
2121	69
2122	69
2123	69
2124	69
2125	69
2126	69
2127	69
2128	69
2129	69
2130	69
2131	69
2132	69
2133	69
2134	69
2135	69
2136	69
2137	69
2138	69
2139	69
2140	69
2141	69
2142	69
2143	69
2144	69
2145	69
2146	69
2147	69
2148	69
2149	69
2150	69
2151	69
2152	69
2153	69
2154	69
2155	69
2156	69
2157	69
2158	69
2159	69
2160	69
2161	69
2162	69
2163	69
2164	69
2165	69
2166	69
2167	69
2168	69
2169	69
2170	69
2171	69
2172	69
2173	69
2174	69
2175	69
2176	69
2177	69
2178	69
2179	69
2180	69
2181	69
2182	69
2183	69
2184	69
2185	69
2186	69
2187	69
2188	69
2189	69
2190	70
2191	70
2192	70
2193	70
2194	70
2195	70
2196	70
2197	70
2198	70
2199	70
2200	70
2201	70
2202	70
2203	70
2204	70
2205	70
2206	70
2207	70
2208	70
2209	70
2210	70
2211	70
2212	70
2213	70
2214	70
2215	70
2216	70
2217	70
2218	70
2219	70
2220	70
2221	70
2222	70
2223	70
2224	70
2225	70
2226	70
2227	70
2228	70
2229	70
2230	70
2231	70
2232	70
2233	70
2234	70
2235	70
2236	70
2237	70
2238	70
2239	70
2240	70
2241	70
2242	70
2243	70
2244	70
2245	70
2246	70
2247	70
2248	70
2249	70
2250	70
2251	70
2252	70
2253	70
2254	70
2255	70
2256	70
2257	70
2258	70
2259	70
2260	70
2261	70
2262	70
2263	70
2264	70
2265	70
2266	70
2267	70
2268	70
2269	70
2270	70
2271	70
2272	70
2273	70
2274	70
2275	70
2276	70
2277	70
2278	70
2279	70
2280	70
2281	70
2282	70
2283	70
2284	70
2285	70
2286	70
2287	70
2288	70
2289	70
2290	70
2291	70
2292	70
2293	70
2294	70
2295	70
2296	70
2297	70
2298	70
2299	70
2300	70
2301	70
2302	70
2303	70
2304	70
2305	70
2306	70
2307	70
2308	70
2309	70
2310	70
2311	70
2312	70
2313	70
2314	70
2315	70
2316	70
2317	70
2318	70
2319	70
2320	70
2321	70
2322	70
2323	70
2324	70
2325	70
2326	70
2327	70
2328	70
2329	70
2330	70
2331	70
2332	70
2333	70
2334	70
2335	70
2336	70
2337	70
2338	70
2339	70
2340	70
2341	70
2342	70
2343	70
2344	70
2345	70
2346	70
2347	70
2348	70
2349	70
2350	70
2351	70
2352	70
2353	70
2354	70
2355	70
2356	70
2357	70
2358	70
2359	70
2360	70
2361	70
2362	70
2363	70
2364	70
2365	70
2366	70
2367	70
2368	70
2369	70
2370	70
2371	70
2372	70
2373	70
2374	70
2375	70
2376	70
2377	70
2378	70
2379	70
2380	70
2381	70
2382	70
2383	70
2384	70
2385	70
2386	70
2387	70
2388	70
2389	70
2390	70
2391	70
2392	70
2393	70
2394	70
2395	70
2396	70
2397	70
2398	70
2399	70
2400	70
2401	70
2402	70
2403	70
2404	70
2405	70
2406	70
2407	70
2408	70
2409	70
2410	70
2411	70
2412	70
2413	70
2414	70
2415	70
2416	70
2417	70
2418	70
2419	70
2420	70
2421	70
2422	70
2423	70
2424	70
2425	70
2426	70
2427	70
2428	70
2429	70
2430	70
2431	70
2432	70
2433	70
2434	70
2435	70
2436	70
2437	70
2438	70
2439	70
2440	70
2441	70
2442	70
2443	70
2444	70
2445	70
2446	70
2447	70
2448	70
2449	70
2450	70
2451	70
2452	70
2453	70
2454	70
2455	70
2456	70
2457	70
2458	70
2459	70
2460	70
2461	70
2462	70
2463	70
2464	70
2465	70
2466	70
2467	70
2468	70
2469	70
2470	70
2471	70
2472	70
2473	70
2474	70
2475	70
2476	70
2477	70
2478	70
2479	70
2480	70
2481	70
2482	71
2483	71
2484	71
2485	71
2486	71
2487	71
2488	71
2489	71
2490	71
2491	71
2492	71
2493	71
2494	71
2495	71
2496	71
2497	71
2498	71
2499	71
2500	71
2501	71
2502	71
2503	71
2504	71
2505	71
2506	71
2507	71
2508	71
2509	71
2510	71
2511	71
2512	71
2513	71
2514	71
2515	71
2516	71
2517	71
2518	71
2519	71
2520	71
2521	71
2522	71
2523	71
2524	71
2525	71
2526	71
2527	71
2528	71
2529	71
2530	71
2531	71
2532	71
2533	71
2534	71
2535	71
2536	71
2537	71
2538	71
2539	71
2540	71
2541	71
2542	71
2543	71
2544	71
2545	71
2546	71
2547	71
2548	71
2549	71
2550	71
2551	72
