N	V
0	1
1	2
2	3
3	4
4	5
5	6
6	6
7	7
8	8
9	8
10	8
11	9
12	10
13	11
14	12
15	13
16	14
17	14
18	15
19	15
20	16
21	17
22	17
23	17
24	17
25	17
26	17
27	17
28	18
29	18
30	19
31	19
32	19
33	19
34	19
35	20
36	20
37	20
38	20
39	21
40	22
41	22
42	22
43	23
44	24
45	25
46	25
47	25
48	25
49	25
50	25
51	25
52	25
53	25
54	26
55	27
56	27
57	27
58	27
59	27
60	27
61	27
62	27
63	28
64	28
65	28
66	28
67	28
68	28
69	28
70	28
71	28
72	28
73	28
74	28
75	28
76	28
77	29
78	29
79	29
80	29
81	29
82	29
83	29
84	29
85	29
86	29
87	29
88	29
89	29
90	30
91	30
92	30
93	31
94	31
95	31
96	31
97	31
98	31
99	31
100	31
101	31
102	31
103	31
104	31
105	32
106	32
107	33
108	33
109	34
110	34
111	34
112	34
113	34
114	34
115	35
116	35
117	36
118	36
119	36
120	36
121	36
122	36
123	36
124	36
125	36
126	36
127	36
128	36
129	36
130	36
131	36
132	36
133	36
134	36
135	36
136	36
137	36
138	36
139	36
140	37
141	37
142	37
143	37
144	37
145	37
146	37
147	37
148	38
149	38
150	39
151	40
152	40
153	40
154	40
155	40
156	40
157	40
158	40
159	40
160	40
161	40
162	40
163	40
164	40
165	40
166	40
167	40
168	40
169	40
170	40
171	40
172	40
173	40
174	40
175	40
176	40
177	40
178	40
179	40
180	40
181	40
182	40
183	40
184	40
185	40
186	40
187	40
188	40
189	40
190	40
191	40
192	40
193	40
194	40
195	40
196	40
197	41
198	41
199	41
200	41
201	41
202	41
203	41
204	41
205	41
206	41
207	41
208	41
209	42
210	42
211	42
212	42
213	42
214	42
215	42
216	42
217	42
218	42
219	42
220	42
221	42
222	42
223	42
224	42
225	42
226	42
227	42
228	42
229	42
230	42
231	42
232	42
233	42
234	42
235	42
236	42
237	42
238	42
239	42
240	42
241	42
242	42
243	42
244	42
245	42
246	42
247	42
248	42
249	42
250	42
251	42
252	43
253	43
254	43
255	43
256	43
257	43
258	43
259	43
260	43
261	43
262	43
263	43
264	43
265	43
266	43
267	43
268	43
269	43
270	43
271	43
272	43
273	43
274	43
275	43
276	43
277	43
278	43
279	43
280	43
281	43
282	43
283	43
284	43
285	43
286	43
287	44
288	44
289	44
290	44
291	44
292	44
293	44
294	44
295	44
296	44
297	44
298	44
299	44
300	44
301	44
302	44
303	44
304	44
305	44
306	44
307	44
308	44
309	44
310	44
311	44
312	44
313	44
314	44
315	44
316	44
317	44
318	44
319	44
320	44
321	44
322	44
323	44
324	44
325	44
326	44
327	44
328	44
329	44
330	44
331	44
332	44
333	44
334	44
335	44
336	44
337	44
338	44
339	44
340	44
341	44
342	44
343	44
344	44
345	44
346	44
347	44
348	44
349	44
350	44
351	44
352	44
353	44
354	44
355	44
356	44
357	44
358	44
359	45
360	45
361	45
362	45
363	45
364	45
365	45
366	45
367	45
368	45
369	45
370	45
371	45
372	45
373	45
374	45
375	45
376	45
377	45
378	45
379	45
380	46
381	46
382	46
383	46
384	46
385	46
386	46
387	46
388	47
389	47
390	47
391	47
392	47
393	47
394	47
395	47
396	47
397	47
398	48
399	48
400	48
401	48
402	48
403	48
404	48
405	49
406	49
407	49
408	49
409	49
410	49
411	49
412	49
413	49
414	49
415	49
416	49
417	49
418	49
419	49
420	49
421	49
422	49
423	49
424	49
425	50
426	50
427	50
428	50
429	50
430	50
431	50
432	50
433	50
434	50
435	50
436	50
437	50
438	50
439	50
440	50
441	50
442	50
443	50
444	50
445	50
446	50
447	50
448	50
449	50
450	50
451	50
452	50
453	50
454	50
455	50
456	50
457	50
458	50
459	50
460	50
461	50
462	50
463	50
464	50
465	50
466	50
467	50
468	50
469	50
470	51
471	52
472	52
473	52
474	52
475	52
476	52
477	52
478	52
479	52
480	52
481	52
482	52
483	52
484	52
485	52
486	52
487	52
488	52
489	52
490	52
491	52
492	52
493	52
494	52
495	52
496	52
497	52
498	52
499	52
500	52
501	52
502	52
503	52
504	52
505	52
506	52
507	52
508	52
509	52
510	52
511	52
512	52
513	52
514	52
515	52
516	52
517	52
518	53
519	53
520	53
521	53
522	53
523	53
524	53
525	53
526	53
527	53
528	53
529	53
530	53
531	53
532	53
533	53
534	53
535	53
536	53
537	53
538	53
539	53
540	53
541	53
542	53
543	53
544	53
545	53
546	53
547	53
548	53
549	53
550	53
551	53
552	53
553	53
554	53
555	53
556	53
557	53
558	53
559	53
560	53
561	53
562	53
563	53
564	53
565	53
566	53
567	53
568	53
569	53
570	53
571	53
572	53
573	53
574	53
575	53
576	53
577	53
578	53
579	53
580	53
581	53
582	53
583	53
584	53
585	53
586	53
587	53
588	53
589	53
590	53
591	53
592	53
593	53
594	53
595	53
596	53
597	53
598	53
599	53
600	53
601	53
602	53
603	53
604	53
605	53
606	53
607	53
608	53
609	53
610	53
611	53
612	53
613	53
614	53
615	53
616	53
617	53
618	53
619	53
620	53
621	53
622	53
623	53
624	53
625	53
626	53
627	53
628	53
629	53
630	53
631	53
632	53
633	53
634	53
635	53
636	53
637	53
638	53
639	53
640	54
641	54
642	54
643	54
644	54
645	54
646	54
647	54
648	54
649	54
650	54
651	54
652	54
653	54
654	54
655	54
656	54
657	54
658	54
659	54
660	54
661	54
662	54
663	54
664	54
665	54
666	54
667	54
668	54
669	54
670	54
671	54
672	54
673	54
674	54
675	54
676	54
677	54
678	54
679	54
680	54
681	54
682	54
683	54
684	54
685	54
686	54
687	54
688	54
689	54
690	54
691	54
692	54
693	54
694	54
695	54
696	54
697	54
698	54
699	54
700	54
701	54
702	54
703	54
704	54
705	54
706	54
707	54
708	54
709	54
710	54
711	54
712	54
713	54
714	54
715	54
716	54
717	54
718	54
719	54
720	54
721	54
722	54
723	54
724	54
725	54
726	54
727	54
728	54
729	54
730	54
731	54
732	54
733	54
734	54
735	54
736	54
737	54
738	54
739	54
740	54
741	55
742	55
743	55
744	55
745	55
746	55
747	55
748	55
749	55
750	55
751	55
752	55
753	55
754	55
755	55
756	55
757	55
758	55
759	55
760	55
761	55
762	55
763	55
764	55
765	55
766	55
767	55
768	55
769	55
770	55
771	55
772	55
773	55
774	55
775	55
776	55
777	55
778	55
779	55
780	55
781	55
782	55
783	55
784	55
785	55
786	55
787	55
788	55
789	55
790	55
791	55
792	55
793	55
794	55
795	55
796	55
797	55
798	55
799	55
800	55
801	55
802	55
803	55
804	55
805	55
806	55
807	55
808	55
809	55
810	55
811	55
812	55
813	55
814	55
815	55
816	55
817	55
818	55
819	55
820	55
821	55
822	55
823	55
824	55
825	55
826	55
827	55
828	55
829	55
830	55
831	55
832	55
833	55
834	55
835	55
836	55
837	55
838	55
839	55
840	55
841	55
842	55
843	55
844	55
845	55
846	55
847	55
848	55
849	55
850	55
851	55
852	55
853	55
854	55
855	55
856	55
857	55
858	55
859	55
860	55
861	55
862	55
863	55
864	55
865	55
866	55
867	55
868	55
869	55
870	55
871	55
872	55
873	55
874	55
875	55
876	55
877	55
878	55
879	55
880	55
881	55
882	55
883	55
884	55
885	55
886	55
887	55
888	55
889	55
890	55
891	55
892	55
893	55
894	55
895	55
896	55
897	55
898	55
899	55
900	55
901	55
902	55
903	55
904	55
905	55
906	55
907	55
908	55
909	55
910	55
911	55
912	55
913	55
914	55
915	55
916	55
917	55
918	55
919	55
920	55
921	55
922	55
923	55
924	55
925	56
926	56
927	56
928	56
929	56
930	56
931	56
932	56
933	56
934	56
935	56
936	56
937	56
938	56
939	56
940	56
941	56
942	56
943	56
944	56
945	56
946	56
947	56
948	56
949	56
950	56
951	56
952	56
953	56
954	56
955	56
956	56
957	56
958	56
959	56
960	56
961	56
962	56
963	56
964	56
965	56
966	56
967	56
968	56
969	57
970	57
971	57
972	57
973	57
974	57
975	57
976	57
977	57
978	57
979	57
980	57
981	57
982	57
983	57
984	57
985	57
986	57
987	57
988	57
989	57
990	57
991	57
992	57
993	57
994	57
995	57
996	57
997	57
998	57
999	57
1000	57
1001	57
1002	57
1003	57
1004	57
1005	57
1006	57
1007	57
1008	57
1009	57
1010	57
1011	57
1012	57
1013	57
1014	57
1015	57
1016	57
1017	57
1018	57
1019	57
1020	57
1021	57
1022	57
1023	57
1024	57
1025	57
1026	57
1027	57
1028	57
1029	57
1030	57
1031	57
1032	57
1033	58
1034	58
1035	58
1036	58
1037	58
1038	58
1039	58
1040	58
1041	58
1042	58
1043	58
1044	58
1045	58
1046	58
1047	58
1048	58
1049	58
1050	58
1051	58
1052	58
1053	58
1054	58
1055	58
1056	58
1057	58
1058	58
1059	58
1060	58
1061	58
1062	58
1063	58
1064	58
1065	58
1066	58
1067	58
1068	58
1069	58
1070	58
1071	58
1072	58
1073	58
1074	58
1075	58
1076	58
1077	58
1078	58
1079	58
1080	58
1081	58
1082	58
1083	58
1084	58
1085	58
1086	58
1087	58
1088	58
1089	58
1090	58
1091	58
1092	58
1093	58
1094	58
1095	58
1096	58
1097	58
1098	58
1099	58
1100	58
1101	58
1102	58
1103	58
1104	58
1105	58
1106	58
1107	58
1108	58
1109	58
1110	58
1111	58
1112	58
1113	58
1114	58
1115	58
1116	58
1117	58
1118	58
1119	58
1120	58
1121	58
1122	58
1123	58
1124	58
1125	58
1126	58
1127	58
1128	59
1129	59
1130	59
1131	59
1132	59
1133	59
1134	59
1135	59
1136	59
1137	59
1138	59
1139	59
1140	59
1141	59
1142	59
1143	59
1144	59
1145	59
1146	59
1147	59
1148	59
1149	59
1150	59
1151	59
1152	59
1153	59
1154	59
1155	59
1156	59
1157	59
1158	59
1159	59
1160	59
1161	59
1162	59
1163	59
1164	59
1165	59
1166	59
1167	59
1168	59
1169	59
1170	59
1171	59
1172	59
1173	59
1174	59
1175	59
1176	59
1177	59
1178	59
1179	59
1180	59
1181	59
1182	59
1183	59
1184	59
1185	59
1186	59
1187	59
1188	59
1189	59
1190	59
1191	59
1192	59
1193	59
1194	59
1195	59
1196	59
1197	59
1198	59
1199	59
1200	59
1201	59
1202	59
1203	59
1204	59
1205	59
1206	59
1207	59
1208	59
1209	59
1210	59
1211	59
1212	59
1213	59
1214	59
1215	59
1216	59
1217	59
1218	59
1219	59
1220	59
1221	59
1222	59
1223	59
1224	59
1225	59
1226	59
1227	59
1228	59
1229	59
1230	59
1231	59
1232	59
1233	59
1234	59
1235	59
1236	59
1237	59
1238	59
1239	59
1240	59
1241	59
1242	59
1243	59
1244	59
1245	59
1246	59
1247	59
1248	59
1249	59
1250	59
1251	59
1252	59
1253	60
1254	60
1255	60
1256	60
1257	60
1258	60
1259	60
1260	60
1261	60
1262	60
1263	60
1264	60
1265	60
1266	60
1267	60
1268	60
1269	60
1270	60
1271	60
1272	60
1273	60
1274	60
1275	60
1276	60
1277	60
1278	60
1279	60
1280	60
1281	60
1282	60
1283	60
1284	60
1285	60
1286	60
1287	60
1288	60
1289	60
1290	60
1291	60
1292	60
1293	60
1294	60
1295	60
1296	60
1297	60
1298	61
1299	61
1300	61
1301	61
1302	61
1303	61
1304	61
1305	61
1306	61
1307	61
1308	61
1309	61
1310	61
1311	61
1312	61
1313	61
1314	61
1315	61
1316	61
1317	61
1318	61
1319	61
1320	61
1321	61
1322	61
1323	61
1324	61
1325	61
1326	61
1327	61
1328	61
1329	61
1330	61
1331	61
1332	61
1333	61
1334	61
1335	61
1336	61
1337	61
1338	61
1339	61
1340	61
1341	61
1342	61
1343	61
1344	61
1345	61
1346	61
1347	61
1348	61
1349	61
1350	61
1351	61
1352	61
1353	61
1354	61
1355	61
1356	61
1357	61
1358	61
1359	61
1360	61
1361	61
1362	61
1363	61
1364	61
1365	61
1366	61
1367	61
1368	61
1369	61
1370	61
1371	61
1372	61
1373	61
1374	61
1375	61
1376	61
1377	61
1378	61
1379	61
1380	61
1381	61
1382	61
1383	61
1384	61
1385	61
1386	61
1387	61
1388	61
1389	61
1390	61
1391	61
1392	61
1393	61
1394	61
1395	61
1396	61
1397	61
1398	61
1399	61
1400	61
1401	61
1402	61
1403	61
1404	61
1405	61
1406	61
1407	61
1408	61
1409	61
1410	61
1411	61
1412	61
1413	61
1414	61
1415	61
1416	61
1417	61
1418	61
1419	61
1420	61
1421	61
1422	61
1423	62
1424	62
1425	62
1426	62
1427	62
1428	62
1429	62
1430	62
1431	62
1432	62
1433	62
1434	62
1435	62
1436	62
1437	62
1438	62
1439	62
1440	62
1441	62
1442	62
1443	62
1444	62
1445	62
1446	62
1447	62
1448	62
1449	62
1450	62
1451	62
1452	62
1453	62
1454	62
1455	62
1456	62
1457	62
1458	62
1459	62
1460	62
1461	62
1462	62
1463	62
1464	62
1465	62
1466	62
1467	62
1468	62
1469	62
1470	62
1471	62
1472	62
1473	62
1474	62
1475	62
1476	62
1477	62
1478	62
1479	62
1480	62
1481	62
1482	62
1483	62
1484	62
1485	62
1486	62
1487	62
1488	62
1489	62
1490	62
1491	62
1492	62
1493	62
1494	62
1495	62
1496	62
1497	62
1498	62
1499	62
1500	62
1501	62
1502	62
1503	62
1504	62
1505	62
1506	62
1507	62
1508	62
1509	62
1510	62
1511	62
1512	62
1513	62
1514	62
1515	62
1516	62
1517	62
1518	62
1519	62
1520	62
1521	62
1522	62
1523	62
1524	62
1525	62
1526	62
1527	62
1528	62
1529	62
1530	62
1531	62
1532	62
1533	62
1534	62
1535	62
1536	62
1537	62
1538	62
1539	62
1540	62
1541	62
1542	62
1543	62
1544	62
1545	62
1546	62
1547	62
1548	62
1549	62
1550	62
1551	62
1552	62
1553	62
1554	62
1555	62
1556	62
1557	62
1558	62
1559	62
1560	62
1561	62
1562	62
1563	62
1564	62
1565	62
1566	62
1567	62
1568	62
1569	62
1570	62
1571	62
1572	62
1573	62
1574	62
1575	62
1576	62
1577	62
1578	62
1579	62
1580	62
1581	62
1582	62
1583	62
1584	62
1585	62
1586	62
1587	62
1588	62
1589	62
1590	62
1591	62
1592	62
1593	62
1594	62
1595	62
1596	62
1597	62
1598	62
1599	62
1600	62
1601	62
1602	62
1603	62
1604	62
1605	62
1606	62
1607	62
1608	62
1609	62
1610	62
1611	62
1612	62
1613	62
1614	62
1615	62
1616	62
1617	62
1618	62
1619	62
1620	62
1621	62
1622	62
1623	62
1624	62
1625	62
1626	62
1627	62
1628	62
1629	62
1630	62
1631	62
1632	62
1633	62
1634	62
1635	62
1636	62
1637	62
1638	62
1639	62
1640	62
1641	62
1642	62
1643	62
1644	62
1645	62
1646	62
1647	62
1648	62
1649	62
1650	62
1651	62
1652	62
1653	62
1654	62
1655	62
1656	62
1657	62
1658	62
1659	62
1660	62
1661	62
1662	62
1663	62
1664	62
1665	62
1666	62
1667	62
1668	62
1669	62
1670	62
1671	62
1672	62
1673	62
1674	62
1675	62
1676	62
1677	62
1678	62
1679	62
1680	62
1681	62
1682	62
1683	62
1684	62
1685	62
1686	62
1687	62
1688	62
1689	62
1690	62
1691	62
1692	62
1693	62
1694	62
1695	62
1696	62
1697	62
1698	62
1699	62
1700	62
1701	62
1702	62
1703	62
1704	62
1705	62
1706	62
1707	62
1708	62
1709	62
1710	62
1711	62
1712	62
1713	62
1714	62
1715	62
1716	62
1717	62
1718	62
1719	62
1720	62
1721	62
1722	62
1723	62
1724	62
1725	62
1726	62
1727	62
1728	62
1729	62
1730	62
1731	62
1732	62
1733	62
1734	62
1735	62
1736	62
1737	62
1738	62
1739	62
1740	62
1741	62
1742	62
1743	62
1744	62
1745	62
1746	62
1747	62
1748	62
1749	62
1750	62
1751	62
1752	62
1753	63
1754	63
1755	63
1756	63
1757	63
1758	63
1759	63
1760	63
1761	63
1762	63
1763	63
1764	63
1765	63
1766	63
1767	63
1768	63
1769	63
1770	63
1771	63
1772	63
1773	63
1774	63
1775	63
1776	63
1777	63
1778	63
1779	63
1780	63
1781	63
1782	63
1783	63
1784	63
1785	63
1786	63
1787	63
1788	63
1789	63
1790	63
1791	63
1792	63
1793	63
1794	63
1795	63
1796	63
1797	63
1798	63
1799	63
1800	63
1801	63
1802	63
1803	63
1804	63
1805	63
1806	63
1807	63
1808	63
1809	63
1810	63
1811	63
1812	63
1813	63
1814	63
1815	63
1816	63
1817	63
1818	63
1819	63
1820	63
1821	63
1822	63
1823	63
1824	63
1825	63
1826	63
1827	63
1828	63
1829	63
1830	63
1831	63
1832	63
1833	63
1834	63
1835	63
1836	63
1837	63
1838	63
1839	63
1840	63
1841	63
1842	63
1843	63
1844	63
1845	63
1846	63
1847	63
1848	63
1849	63
1850	63
1851	63
1852	63
1853	63
1854	63
1855	63
1856	63
1857	63
1858	63
1859	63
1860	63
1861	63
1862	63
1863	63
1864	63
1865	63
1866	63
1867	63
1868	63
1869	63
1870	63
1871	63
1872	63
1873	63
1874	63
1875	63
1876	63
1877	63
1878	63
1879	63
1880	63
1881	63
1882	63
1883	63
1884	63
1885	63
1886	63
1887	63
1888	63
1889	63
1890	63
1891	63
1892	63
1893	63
1894	63
1895	63
1896	63
1897	63
1898	63
1899	63
1900	63
1901	63
1902	63
1903	63
1904	63
1905	63
1906	63
1907	63
1908	63
1909	63
1910	63
1911	63
1912	63
1913	63
1914	63
1915	63
1916	63
1917	63
1918	63
1919	63
1920	63
1921	63
1922	63
1923	63
1924	63
1925	63
1926	63
1927	63
1928	63
1929	63
1930	63
1931	63
1932	63
1933	63
1934	63
1935	63
1936	63
1937	63
1938	63
1939	63
1940	63
1941	63
1942	63
1943	63
1944	63
1945	63
1946	63
1947	63
1948	63
1949	63
1950	63
1951	63
1952	63
1953	63
1954	63
1955	63
1956	63
1957	63
1958	63
1959	63
1960	63
1961	63
1962	63
1963	63
1964	63
1965	63
1966	63
1967	63
1968	63
1969	63
1970	63
1971	63
1972	63
1973	63
1974	63
1975	63
1976	63
1977	63
1978	63
1979	63
1980	63
1981	63
1982	63
1983	63
1984	63
1985	63
1986	63
1987	63
1988	63
1989	63
1990	63
1991	63
1992	63
1993	63
1994	63
1995	63
1996	63
1997	63
1998	63
1999	63
2000	63
2001	63
2002	63
2003	63
2004	63
2005	63
2006	63
2007	63
2008	63
2009	63
2010	63
2011	63
2012	63
2013	63
2014	63
2015	63
2016	63
2017	63
2018	63
2019	63
2020	63
2021	63
2022	63
2023	63
2024	63
2025	63
2026	63
2027	63
2028	63
2029	63
2030	63
2031	63
2032	63
2033	63
2034	63
2035	63
2036	63
2037	63
2038	63
2039	63
2040	63
2041	63
2042	63
2043	63
2044	63
2045	63
2046	63
2047	63
2048	63
2049	63
2050	63
2051	63
2052	63
2053	63
2054	63
2055	63
2056	63
2057	63
2058	63
2059	63
2060	63
2061	63
2062	63
2063	63
2064	63
2065	63
2066	63
2067	63
2068	63
2069	63
2070	63
2071	63
2072	63
2073	63
2074	63
2075	63
2076	64
2077	64
2078	64
2079	64
2080	64
2081	64
2082	64
2083	64
2084	64
2085	64
2086	64
2087	64
2088	64
2089	64
2090	64
2091	64
2092	64
2093	64
2094	64
2095	64
2096	64
2097	64
2098	64
2099	64
2100	64
2101	64
2102	64
2103	64
2104	64
2105	64
2106	64
2107	64
2108	64
2109	64
2110	64
2111	64
2112	64
2113	64
2114	64
2115	64
2116	64
2117	64
2118	64
2119	64
2120	64
2121	64
2122	64
2123	64
2124	64
2125	64
2126	64
2127	64
2128	64
2129	64
2130	64
2131	64
2132	64
2133	64
2134	64
2135	64
2136	64
2137	64
2138	64
2139	64
2140	64
2141	64
2142	64
2143	64
2144	64
2145	64
2146	64
2147	64
2148	64
2149	64
2150	64
2151	64
2152	64
2153	64
2154	64
2155	64
2156	64
2157	64
2158	64
2159	64
2160	64
2161	64
2162	64
2163	64
2164	64
2165	64
2166	64
2167	64
2168	64
2169	64
2170	64
2171	64
2172	64
2173	64
2174	64
2175	64
2176	64
2177	64
2178	64
2179	64
2180	64
2181	64
2182	64
2183	64
2184	64
2185	64
2186	65
