N	V
0	1
1	2
2	3
3	4
4	4
5	4
6	5
7	6
8	7
9	8
10	9
11	9
12	10
13	10
14	11
15	11
16	11
17	11
18	12
19	12
20	12
21	13
22	13
23	13
24	13
25	13
26	14
27	14
28	14
29	14
30	15
31	15
32	15
33	15
34	16
35	17
36	17
37	17
38	17
39	17
40	17
41	17
42	17
43	17
44	18
45	18
46	19
47	19
48	20
49	20
50	20
51	20
52	21
53	21
54	21
55	21
56	22
57	22
58	23
59	23
60	23
61	23
62	24
63	24
64	24
65	24
66	25
67	25
68	25
69	25
70	25
71	25
72	26
73	26
74	26
75	26
76	26
77	26
78	26
79	26
80	26
81	26
82	27
83	27
84	27
85	27
86	28
87	29
88	29
89	29
90	29
91	29
92	29
93	29
94	29
95	29
96	29
97	29
98	29
99	29
100	29
101	29
102	29
103	29
104	29
105	29
106	29
107	29
108	29
109	29
110	29
111	29
112	30
113	30
114	30
115	30
116	30
117	30
118	30
119	30
120	30
121	30
122	30
123	30
124	30
125	30
126	31
127	31
128	31
129	31
130	32
131	33
132	33
133	33
134	33
135	33
136	33
137	33
138	33
139	33
140	33
141	33
142	34
143	34
144	34
145	35
146	35
147	35
148	35
149	35
150	35
151	35
152	35
153	35
154	35
155	35
156	35
157	35
158	35
159	36
160	36
161	36
162	36
163	36
164	37
165	37
166	37
167	37
168	37
169	37
170	37
171	37
172	37
173	37
174	37
175	37
176	37
177	37
178	37
179	37
180	37
181	37
182	38
183	38
184	38
185	38
186	39
187	39
188	40
189	40
190	40
191	40
192	40
193	40
194	40
195	40
196	40
197	40
198	40
199	40
200	40
201	41
202	41
203	41
204	41
205	42
206	42
207	42
208	42
209	42
210	42
211	42
212	42
213	42
214	42
215	42
216	42
217	43
218	43
219	44
220	44
221	44
222	44
223	44
224	44
225	44
226	44
227	44
228	44
229	44
230	44
231	44
232	44
233	44
234	44
235	44
236	44
237	44
238	44
239	44
240	44
241	44
242	44
243	44
244	45
245	46
246	46
247	46
248	46
249	46
250	46
251	46
252	46
253	46
254	46
255	46
256	46
257	46
258	46
259	46
260	46
261	46
262	46
263	47
264	47
265	47
266	47
267	47
268	47
269	47
270	47
271	47
272	47
273	47
274	47
275	47
276	47
277	47
278	48
279	48
280	48
281	48
282	48
283	48
284	48
285	48
286	49
287	49
288	49
289	49
290	49
291	49
292	49
293	49
294	49
295	49
296	49
297	49
298	49
299	49
300	49
301	49
302	49
303	49
304	49
305	49
306	49
307	49
308	49
309	49
310	49
311	49
312	49
313	49
314	49
315	49
316	49
317	49
318	49
319	49
320	49
321	49
322	49
323	50
324	50
325	50
326	50
327	50
328	50
329	50
330	50
331	50
332	50
333	50
334	50
335	50
336	50
337	50
338	50
339	50
340	50
341	50
342	50
343	50
344	50
345	50
346	51
347	51
348	51
349	51
350	51
351	51
352	51
353	51
354	52
355	52
356	52
357	52
358	52
359	52
360	52
361	52
362	52
363	52
364	52
365	52
366	52
367	52
368	53
369	53
370	53
371	53
372	53
373	53
374	53
375	53
376	53
377	53
378	53
379	53
380	53
381	53
382	53
383	53
384	53
385	53
386	53
387	53
388	53
389	53
390	53
391	53
392	53
393	53
394	53
395	53
396	53
397	53
398	53
399	53
400	53
401	53
402	53
403	53
404	53
405	53
406	53
407	53
408	53
409	53
410	53
411	53
412	53
413	53
414	53
415	53
416	53
417	53
418	53
419	53
420	53
421	53
422	54
423	54
424	54
425	54
426	55
427	55
428	55
429	55
430	55
431	55
432	55
433	55
434	55
435	55
436	55
437	55
438	55
439	55
440	55
441	55
442	55
443	55
444	55
445	55
446	55
447	55
448	55
449	55
450	55
451	55
452	55
453	55
454	55
455	55
456	55
457	55
458	55
459	55
460	56
461	56
462	56
463	56
464	56
465	56
466	56
467	57
468	57
469	57
470	57
471	57
472	57
473	57
474	57
475	57
476	57
477	57
478	57
479	57
480	57
481	57
482	57
483	57
484	57
485	57
486	57
487	57
488	57
489	57
490	57
491	57
492	57
493	57
494	57
495	57
496	57
497	57
498	57
499	57
500	57
501	57
502	57
503	57
504	57
505	57
506	57
507	57
508	57
509	57
510	57
511	57
512	57
513	57
514	57
515	57
516	57
517	58
518	58
519	58
520	58
521	58
522	58
523	58
524	58
525	58
526	58
527	58
528	58
529	58
530	58
531	58
532	58
533	58
534	58
535	58
536	58
537	59
538	59
539	59
540	59
541	59
542	59
543	59
544	59
545	59
546	59
547	59
548	59
549	59
550	59
551	59
552	59
553	59
554	59
555	59
556	59
557	59
558	59
559	59
560	59
561	59
562	59
563	59
564	59
565	59
566	59
567	59
568	59
569	59
570	59
571	59
572	59
573	59
574	59
575	59
576	59
577	59
578	59
579	59
580	59
581	59
582	59
583	59
584	59
585	59
586	59
587	59
588	59
589	59
590	59
591	59
592	59
593	59
594	59
595	59
596	59
597	59
598	59
599	59
600	59
601	59
602	59
603	59
604	59
605	59
606	59
607	59
608	59
609	59
610	59
611	59
612	59
613	59
614	59
615	59
616	59
617	60
618	60
619	60
620	60
621	60
622	60
623	60
624	60
625	61
626	61
627	61
628	61
629	61
630	61
631	61
632	61
633	61
634	61
635	61
636	61
637	62
638	62
639	62
640	62
641	62
642	62
643	62
644	62
645	62
646	62
647	62
648	62
649	62
650	62
651	62
652	62
653	62
654	62
655	62
656	62
657	62
658	62
659	62
660	62
661	62
662	63
663	63
664	63
665	63
666	64
667	64
668	64
669	64
670	64
671	64
672	64
673	64
674	64
675	64
676	64
677	64
678	64
679	64
680	64
681	64
682	64
683	64
684	64
685	64
686	64
687	64
688	64
689	64
690	64
691	64
692	64
693	64
694	64
695	64
696	64
697	64
698	64
699	64
700	64
701	64
702	64
703	64
704	64
705	64
706	64
707	64
708	64
709	64
710	64
711	64
712	64
713	65
714	65
715	65
716	65
717	65
718	65
719	65
720	65
721	66
722	66
723	66
724	66
725	66
726	66
727	66
728	66
729	66
730	66
731	66
732	66
733	66
734	66
735	66
736	66
737	66
738	66
739	66
740	66
741	66
742	66
743	66
744	66
745	66
746	66
747	66
748	66
749	66
750	66
751	66
752	66
753	66
754	66
755	66
756	66
757	66
758	66
759	66
760	66
761	66
762	66
763	66
764	66
765	66
766	67
767	67
768	67
769	67
770	67
771	67
772	67
773	67
774	67
775	67
776	67
777	67
778	67
779	67
780	67
781	67
782	67
783	67
784	67
785	67
786	67
787	67
788	67
789	67
790	67
791	67
792	67
793	67
794	67
795	67
796	67
797	67
798	67
799	67
800	67
801	67
802	67
803	67
804	67
805	68
806	68
807	68
808	68
809	68
810	68
811	68
812	68
813	68
814	68
815	68
816	68
817	68
818	68
819	68
820	68
821	68
822	68
823	68
824	68
825	68
826	68
827	68
828	68
829	68
830	68
831	68
832	68
833	68
834	68
835	68
836	68
837	68
838	69
839	69
840	69
841	69
842	69
843	69
844	69
845	69
846	69
847	69
848	69
849	69
850	69
851	69
852	69
853	69
854	69
855	70
856	70
857	71
858	71
859	71
860	71
861	71
862	71
863	71
864	71
865	71
866	71
867	72
868	72
869	72
870	72
871	72
872	72
873	72
874	72
875	72
876	72
877	72
878	72
879	72
880	72
881	72
882	72
883	72
884	72
885	72
886	72
887	73
888	73
889	73
890	73
891	73
892	73
893	73
894	73
895	73
896	73
897	73
898	73
899	73
900	73
901	73
902	73
903	73
904	73
905	73
906	73
907	73
908	73
909	73
910	73
911	73
912	73
913	73
914	73
915	73
916	73
917	73
918	73
919	73
920	73
921	73
922	73
923	73
924	73
925	73
926	73
927	73
928	73
929	73
930	73
931	73
932	73
933	73
934	73
935	73
936	73
937	73
938	73
939	73
940	73
941	73
942	73
943	73
944	73
945	73
946	73
947	73
948	73
949	73
950	73
951	73
952	73
953	73
954	73
955	73
956	73
957	73
958	73
959	73
960	73
961	73
962	73
963	73
964	73
965	73
966	73
967	73
968	73
969	73
970	73
971	73
972	73
973	73
974	73
975	73
976	73
977	73
978	73
979	73
980	73
981	73
982	73
983	73
984	73
985	73
986	73
987	73
988	73
989	73
990	73
991	74
992	74
993	74
994	74
995	74
996	74
997	74
998	74
999	74
1000	74
1001	74
1002	74
1003	74
1004	74
1005	74
1006	74
1007	74
1008	74
1009	74
1010	74
1011	74
1012	74
1013	74
1014	74
1015	74
1016	74
1017	74
1018	74
1019	74
1020	74
1021	74
1022	74
1023	74
1024	74
1025	74
1026	74
1027	74
1028	74
1029	74
1030	74
1031	74
1032	74
1033	74
1034	74
1035	74
1036	74
1037	74
1038	74
1039	74
1040	74
1041	74
1042	74
1043	74
1044	74
1045	74
1046	74
1047	74
1048	74
1049	74
1050	74
1051	74
1052	74
1053	74
1054	74
1055	74
1056	74
1057	74
1058	74
1059	74
1060	74
1061	74
1062	74
1063	74
1064	74
1065	74
1066	74
1067	74
1068	74
1069	74
1070	74
1071	74
1072	74
1073	74
1074	74
1075	74
1076	74
1077	74
1078	74
1079	74
1080	74
1081	74
1082	74
1083	74
1084	74
1085	74
1086	74
1087	74
1088	74
1089	74
1090	74
1091	74
1092	74
1093	74
1094	74
1095	74
1096	74
1097	74
1098	74
1099	74
1100	74
1101	74
1102	74
1103	74
1104	74
1105	74
1106	74
1107	74
1108	74
1109	74
1110	74
1111	74
1112	74
1113	74
1114	74
1115	74
1116	74
1117	74
1118	74
1119	74
1120	74
1121	74
1122	74
1123	74
1124	74
1125	74
1126	74
1127	74
1128	74
1129	74
1130	74
1131	74
1132	74
1133	74
1134	74
1135	74
1136	74
1137	74
1138	74
1139	74
1140	74
1141	74
1142	74
1143	74
1144	74
1145	74
1146	74
1147	74
1148	74
1149	74
1150	74
1151	74
1152	74
1153	74
1154	74
1155	74
1156	74
1157	74
1158	74
1159	74
1160	74
1161	74
1162	74
1163	74
1164	74
1165	74
1166	74
1167	74
1168	74
1169	74
1170	74
1171	74
1172	74
1173	74
1174	74
1175	74
1176	74
1177	74
1178	74
1179	74
1180	74
1181	74
1182	74
1183	74
1184	74
1185	74
1186	74
1187	74
1188	74
1189	74
1190	74
1191	74
1192	74
1193	74
1194	74
1195	74
1196	74
1197	74
1198	74
1199	74
1200	74
1201	74
1202	74
1203	74
1204	74
1205	74
1206	74
1207	74
1208	74
1209	74
1210	74
1211	74
1212	74
1213	74
1214	74
1215	74
1216	74
1217	74
1218	75
1219	75
1220	75
1221	75
1222	75
1223	75
1224	75
1225	75
1226	75
1227	75
1228	75
1229	75
1230	75
1231	75
1232	75
1233	75
1234	75
1235	75
1236	75
1237	75
1238	75
1239	75
1240	75
1241	75
1242	75
1243	75
1244	75
1245	75
1246	75
1247	75
1248	75
1249	75
1250	75
1251	75
1252	75
1253	75
1254	75
1255	75
1256	75
1257	75
1258	75
1259	75
1260	75
1261	75
1262	75
1263	75
1264	75
1265	75
1266	75
1267	75
1268	75
1269	75
1270	75
1271	75
1272	75
1273	75
1274	75
1275	75
1276	75
1277	75
1278	75
1279	75
1280	75
1281	75
1282	75
1283	75
1284	75
1285	75
1286	75
1287	75
1288	75
1289	75
1290	75
1291	75
1292	75
1293	75
1294	75
1295	75
1296	75
1297	75
1298	75
1299	75
1300	75
1301	75
1302	75
1303	75
1304	75
1305	75
1306	75
1307	75
1308	75
1309	76
1310	76
1311	76
1312	76
1313	76
1314	76
1315	76
1316	76
1317	76
1318	76
1319	76
1320	76
1321	76
1322	76
1323	76
1324	76
1325	76
1326	76
1327	76
1328	76
1329	76
1330	76
1331	76
1332	76
1333	76
1334	76
1335	76
1336	76
1337	76
1338	76
1339	76
1340	76
1341	76
1342	76
1343	76
1344	76
1345	76
1346	76
1347	76
1348	76
1349	76
1350	76
1351	76
1352	76
1353	76
1354	76
1355	76
1356	76
1357	76
1358	76
1359	76
1360	76
1361	76
1362	76
1363	77
1364	77
1365	78
1366	78
1367	78
1368	78
1369	78
1370	78
1371	78
1372	78
1373	78
1374	78
1375	78
1376	78
1377	78
1378	78
1379	78
1380	78
1381	78
1382	78
1383	78
1384	78
1385	78
1386	78
1387	78
1388	78
1389	78
1390	78
1391	78
1392	78
1393	78
1394	78
1395	78
1396	78
1397	78
1398	78
1399	78
1400	78
1401	78
1402	78
1403	78
1404	78
1405	78
1406	78
1407	78
1408	78
1409	78
1410	78
1411	78
1412	78
1413	78
1414	78
1415	78
1416	78
1417	78
1418	78
1419	78
1420	78
1421	78
1422	78
1423	78
1424	78
1425	78
1426	78
1427	78
1428	78
1429	78
1430	78
1431	78
1432	78
1433	78
1434	78
1435	78
1436	78
1437	78
1438	78
1439	78
1440	78
1441	78
1442	78
1443	78
1444	78
1445	78
1446	78
1447	78
1448	78
1449	78
1450	78
1451	78
1452	78
1453	78
1454	78
1455	78
1456	78
1457	78
1458	79
1459	79
1460	80
1461	80
1462	80
1463	80
1464	80
1465	80
1466	80
1467	80
1468	80
1469	80
1470	80
1471	80
1472	80
1473	80
1474	80
1475	80
1476	80
1477	80
1478	80
1479	80
1480	80
1481	80
1482	80
1483	80
1484	80
1485	80
1486	80
1487	80
1488	80
1489	80
1490	80
1491	80
1492	80
1493	80
1494	80
1495	80
1496	80
1497	80
1498	80
1499	80
1500	80
1501	80
1502	80
1503	80
1504	80
1505	80
1506	80
1507	80
1508	80
1509	80
1510	80
1511	80
1512	80
1513	80
1514	80
1515	80
1516	80
1517	80
1518	80
1519	80
1520	80
1521	80
1522	80
1523	80
1524	80
1525	80
1526	80
1527	80
1528	80
1529	80
1530	80
1531	80
1532	80
1533	80
1534	80
1535	80
1536	80
1537	80
1538	80
1539	80
1540	80
1541	80
1542	80
1543	80
1544	80
1545	80
1546	80
1547	80
1548	80
1549	80
1550	80
1551	80
1552	80
1553	80
1554	80
1555	80
1556	80
1557	80
1558	80
1559	80
1560	80
1561	80
1562	80
1563	80
1564	80
1565	80
1566	80
1567	80
1568	80
1569	80
1570	80
1571	80
1572	80
1573	80
1574	80
1575	80
1576	80
1577	80
1578	80
1579	80
1580	80
1581	80
1582	80
1583	80
1584	80
1585	80
1586	80
1587	80
1588	80
1589	80
1590	80
1591	80
1592	80
1593	80
1594	80
1595	80
1596	80
1597	80
1598	80
1599	80
1600	80
1601	80
1602	80
1603	80
1604	80
1605	80
1606	80
1607	80
1608	80
1609	80
1610	80
1611	80
1612	80
1613	80
1614	80
1615	80
1616	80
1617	80
1618	80
1619	80
1620	80
1621	80
1622	80
1623	80
1624	80
1625	80
1626	80
1627	80
1628	80
1629	80
1630	80
1631	80
1632	80
1633	80
1634	80
1635	80
1636	80
1637	80
1638	80
1639	80
1640	80
1641	80
1642	80
1643	80
1644	80
1645	80
1646	80
1647	80
1648	80
1649	80
1650	80
1651	80
1652	80
1653	80
1654	80
1655	80
1656	80
1657	80
1658	80
1659	80
1660	80
1661	80
1662	80
1663	80
1664	80
1665	80
1666	80
1667	80
1668	80
1669	80
1670	80
1671	80
1672	80
1673	80
1674	80
1675	80
1676	80
1677	80
1678	80
1679	80
1680	80
1681	80
1682	80
1683	80
1684	80
1685	80
1686	80
1687	80
1688	80
1689	80
1690	80
1691	80
1692	80
1693	80
1694	80
1695	80
1696	80
1697	80
1698	80
1699	80
1700	80
1701	80
1702	80
1703	80
1704	80
1705	80
1706	80
1707	80
1708	80
1709	80
1710	80
1711	80
1712	80
1713	80
1714	80
1715	80
1716	80
1717	80
1718	80
1719	80
1720	80
1721	80
1722	80
1723	80
1724	80
1725	80
1726	80
1727	80
1728	80
1729	80
1730	80
1731	80
1732	80
1733	80
1734	80
1735	80
1736	81
1737	81
1738	81
1739	81
1740	81
1741	81
1742	81
1743	81
1744	81
1745	81
1746	81
1747	81
1748	81
1749	81
1750	81
1751	81
1752	81
1753	81
1754	81
1755	81
1756	81
1757	81
1758	81
1759	81
1760	81
1761	81
1762	81
1763	81
1764	81
1765	81
1766	81
1767	81
1768	81
1769	81
1770	81
1771	81
1772	81
1773	81
1774	81
1775	81
1776	81
1777	81
1778	81
1779	81
1780	81
1781	81
1782	81
1783	81
1784	81
1785	81
1786	81
1787	81
1788	81
1789	81
1790	81
1791	81
1792	81
1793	81
1794	81
1795	81
1796	81
1797	81
1798	81
1799	81
1800	81
1801	81
1802	81
1803	81
1804	81
1805	81
1806	81
1807	81
1808	81
1809	81
1810	81
1811	81
1812	81
1813	81
1814	81
1815	81
1816	81
1817	81
1818	81
1819	81
1820	81
1821	81
1822	81
1823	81
1824	81
1825	81
1826	81
1827	81
1828	81
1829	81
1830	81
1831	81
1832	81
1833	81
1834	81
1835	81
1836	81
1837	81
1838	81
1839	81
1840	81
1841	81
1842	81
1843	81
1844	81
1845	81
1846	81
1847	81
1848	81
1849	81
1850	81
1851	81
1852	81
1853	81
1854	81
1855	81
1856	81
1857	81
1858	81
1859	81
1860	81
1861	81
1862	81
1863	81
1864	81
1865	81
1866	81
1867	81
1868	81
1869	81
1870	81
1871	81
1872	81
1873	81
1874	81
1875	81
1876	81
1877	81
1878	81
1879	81
1880	81
1881	81
1882	81
1883	81
1884	81
1885	81
1886	81
1887	81
1888	81
1889	81
1890	81
1891	81
1892	81
1893	81
1894	81
1895	81
1896	81
1897	81
1898	81
1899	81
1900	81
1901	81
1902	81
1903	81
1904	81
1905	81
1906	81
1907	81
1908	81
1909	81
1910	81
1911	81
1912	81
1913	81
1914	81
1915	81
1916	81
1917	81
1918	81
1919	81
1920	81
1921	81
1922	81
1923	81
1924	81
1925	81
1926	81
1927	81
1928	81
1929	81
1930	81
1931	81
1932	81
1933	81
1934	81
1935	81
1936	81
1937	81
1938	81
1939	81
1940	81
1941	81
1942	81
1943	81
1944	81
1945	81
1946	81
1947	81
1948	81
1949	81
1950	81
1951	81
1952	81
1953	81
1954	81
1955	81
1956	81
1957	81
1958	81
1959	81
1960	81
1961	81
1962	81
1963	81
1964	81
1965	81
1966	81
1967	81
1968	81
1969	82
1970	82
1971	82
1972	82
1973	82
1974	82
1975	82
1976	82
1977	82
1978	82
1979	82
1980	82
1981	82
1982	82
1983	82
1984	82
1985	82
1986	82
1987	82
1988	82
1989	82
1990	82
1991	82
1992	82
1993	82
1994	82
1995	82
1996	82
1997	82
1998	82
1999	82
2000	82
2001	82
2002	82
2003	82
2004	82
2005	82
2006	82
2007	82
2008	82
2009	82
2010	82
2011	82
2012	82
2013	82
2014	82
2015	82
2016	82
2017	82
2018	82
2019	82
2020	82
2021	82
2022	82
2023	82
2024	82
2025	82
2026	82
2027	82
2028	82
2029	82
2030	82
2031	82
2032	82
2033	82
2034	82
2035	82
2036	82
2037	82
2038	82
2039	82
2040	82
2041	82
2042	82
2043	82
2044	82
2045	82
2046	82
2047	82
2048	82
2049	82
2050	82
2051	82
2052	82
2053	82
2054	82
2055	82
2056	82
2057	82
2058	82
2059	82
2060	82
2061	82
2062	82
2063	82
2064	82
2065	82
2066	82
2067	82
2068	82
2069	82
2070	82
2071	82
2072	82
2073	82
2074	82
2075	82
2076	82
2077	82
2078	82
2079	82
2080	82
2081	82
2082	82
2083	82
2084	82
2085	82
2086	82
2087	82
2088	82
2089	82
2090	82
2091	82
2092	82
2093	82
2094	82
2095	82
2096	82
2097	82
2098	82
2099	82
2100	82
2101	82
2102	82
2103	82
2104	82
2105	82
2106	82
2107	82
2108	82
2109	82
2110	82
2111	82
2112	82
2113	82
2114	82
2115	82
2116	82
2117	82
2118	82
2119	82
2120	82
2121	82
2122	82
2123	82
2124	82
2125	82
2126	82
2127	82
2128	82
2129	82
2130	82
2131	82
2132	82
2133	82
2134	82
2135	82
2136	82
2137	82
2138	82
2139	82
2140	82
2141	82
2142	82
2143	82
2144	82
2145	82
2146	82
2147	82
2148	82
2149	82
2150	82
2151	82
2152	82
2153	82
2154	82
2155	82
2156	82
2157	82
2158	82
2159	82
2160	82
2161	82
2162	82
2163	82
2164	82
2165	82
2166	82
2167	82
2168	82
2169	82
2170	82
2171	82
2172	82
2173	82
2174	82
2175	82
2176	82
2177	82
2178	82
2179	82
2180	82
2181	82
2182	82
2183	82
2184	82
2185	82
2186	82
2187	82
2188	82
2189	82
2190	82
2191	82
2192	82
2193	83
2194	83
2195	83
2196	83
2197	83
2198	83
2199	83
2200	83
2201	83
2202	83
2203	83
2204	83
2205	83
2206	83
2207	83
2208	83
2209	83
2210	83
2211	83
2212	83
2213	83
2214	83
2215	83
2216	83
2217	83
2218	83
2219	83
2220	83
2221	83
2222	83
2223	83
2224	83
2225	83
2226	83
2227	83
2228	83
2229	83
2230	83
2231	83
2232	83
2233	83
2234	83
2235	83
2236	83
2237	83
2238	83
2239	83
2240	83
2241	83
2242	83
2243	83
2244	83
2245	83
2246	83
2247	83
2248	83
2249	83
2250	83
2251	83
2252	83
2253	83
2254	83
2255	83
2256	83
2257	83
2258	83
2259	83
2260	83
2261	83
2262	83
2263	83
2264	83
2265	83
2266	83
2267	83
2268	83
2269	83
2270	83
2271	83
2272	83
2273	83
2274	83
2275	83
2276	83
2277	83
2278	83
2279	83
2280	83
2281	83
2282	83
2283	83
2284	83
2285	83
2286	83
2287	83
2288	83
2289	83
2290	83
2291	83
2292	83
2293	83
2294	83
2295	83
2296	83
2297	83
2298	83
2299	83
2300	83
2301	83
2302	83
2303	83
2304	83
2305	83
2306	83
2307	83
2308	83
2309	83
2310	83
2311	83
2312	83
2313	83
2314	83
2315	83
2316	83
2317	83
2318	83
2319	83
2320	83
2321	83
2322	83
2323	83
2324	83
2325	83
2326	83
2327	83
2328	83
2329	83
2330	83
2331	83
2332	83
2333	83
2334	83
2335	83
2336	83
2337	83
2338	83
2339	83
2340	83
2341	83
2342	83
2343	83
2344	83
2345	83
2346	83
2347	83
2348	83
2349	83
2350	83
2351	83
2352	83
2353	83
2354	83
2355	83
2356	83
2357	83
2358	83
2359	83
2360	83
2361	83
2362	83
2363	83
2364	83
2365	83
2366	83
2367	83
2368	83
2369	83
2370	83
2371	83
2372	83
2373	83
2374	83
2375	83
2376	83
2377	83
2378	83
2379	83
2380	83
2381	83
2382	83
2383	83
2384	83
2385	83
2386	83
2387	83
2388	83
2389	83
2390	83
2391	83
2392	83
2393	83
2394	83
2395	83
2396	83
2397	83
2398	83
2399	83
2400	84
2401	84
2402	84
2403	84
2404	84
2405	84
2406	84
2407	84
2408	84
2409	84
2410	84
2411	84
2412	84
2413	84
2414	84
2415	84
2416	84
2417	84
2418	84
2419	84
2420	84
2421	84
2422	84
2423	84
2424	84
2425	84
2426	84
2427	84
2428	84
2429	84
2430	84
2431	84
2432	84
2433	84
2434	84
2435	84
2436	84
2437	84
2438	84
2439	84
2440	84
2441	84
2442	84
2443	84
2444	84
2445	84
2446	84
2447	84
2448	84
2449	84
2450	84
2451	84
2452	84
2453	84
2454	84
2455	84
2456	84
2457	84
2458	84
2459	84
2460	84
2461	84
2462	84
2463	84
2464	84
2465	84
2466	84
2467	84
2468	84
2469	84
2470	84
2471	84
2472	84
2473	84
2474	84
2475	84
2476	84
2477	84
2478	84
2479	84
2480	84
2481	84
2482	84
2483	84
2484	84
2485	84
2486	84
2487	84
2488	84
2489	84
2490	85
2491	85
2492	85
2493	85
2494	85
2495	85
2496	85
2497	85
2498	85
2499	85
2500	85
2501	85
2502	85
2503	85
2504	85
2505	85
2506	85
2507	85
2508	85
2509	85
2510	85
2511	85
2512	85
2513	85
2514	85
2515	85
2516	85
2517	85
2518	85
2519	85
2520	85
2521	85
2522	85
2523	85
2524	85
2525	85
2526	85
2527	85
2528	85
2529	85
2530	85
2531	85
2532	85
2533	85
2534	85
2535	85
2536	85
2537	85
2538	85
2539	85
2540	85
2541	85
2542	86
2543	86
2544	86
2545	86
2546	86
2547	86
2548	86
2549	86
2550	86
2551	86
2552	86
2553	86
2554	87
