N	V
0	1
1	2
2	3
3	3
4	3
5	4
6	5
7	6
8	6
9	7
10	8
11	9
12	10
13	10
14	10
15	10
16	10
17	11
18	12
19	12
20	12
21	13
22	13
23	13
24	14
25	15
26	15
27	15
28	15
29	15
30	15
31	15
32	15
33	16
34	16
35	16
36	17
37	17
38	18
39	18
40	19
41	19
42	20
43	20
44	20
45	20
46	21
47	21
48	21
49	21
50	22
51	22
52	22
53	22
54	23
55	23
56	23
57	23
58	24
59	24
60	24
61	24
62	24
63	24
64	24
65	25
66	25
67	26
68	26
69	26
70	26
71	27
72	27
73	27
74	28
75	28
76	28
77	28
78	28
79	28
80	28
81	28
82	28
83	28
84	28
85	28
86	28
87	28
88	28
89	28
90	28
91	28
92	28
93	28
94	29
95	29
96	30
97	30
98	30
99	30
100	30
101	30
102	30
103	30
104	30
105	30
106	30
107	30
108	30
109	30
110	30
111	30
112	30
113	30
114	30
115	30
116	30
117	30
118	30
119	30
120	30
121	30
122	30
123	31
124	31
125	31
126	31
127	31
128	31
129	31
130	31
131	31
132	31
133	31
134	31
135	31
136	31
137	31
138	31
139	31
140	32
141	32
142	32
143	32
144	32
145	32
146	32
147	32
148	32
149	32
150	32
151	32
152	32
153	32
154	32
155	32
156	32
157	32
158	32
159	32
160	32
161	32
162	32
163	32
164	33
165	33
166	33
167	33
168	33
169	33
170	33
171	34
172	34
173	34
174	34
175	34
176	34
177	34
178	34
179	34
180	34
181	34
182	34
183	34
184	34
185	34
186	34
187	34
188	34
189	34
190	34
191	34
192	34
193	35
194	35
195	35
196	35
197	35
198	36
199	36
200	36
201	36
202	36
203	36
204	36
205	36
206	37
207	37
208	37
209	37
210	37
211	37
212	37
213	37
214	37
215	37
216	37
217	37
218	37
219	37
220	37
221	37
222	37
223	37
224	37
225	37
226	37
227	37
228	37
229	37
230	37
231	37
232	37
233	37
234	37
235	37
236	37
237	37
238	38
239	38
240	38
241	38
242	38
243	38
244	38
245	38
246	38
247	38
248	38
249	39
250	39
251	39
252	39
253	39
254	39
255	39
256	39
257	39
258	39
259	39
260	39
261	39
262	39
263	39
264	39
265	39
266	39
267	39
268	39
269	39
270	39
271	39
272	39
273	39
274	39
275	39
276	39
277	39
278	39
279	39
280	39
281	39
282	39
283	39
284	39
285	39
286	39
287	39
288	39
289	40
290	40
291	40
292	40
293	40
294	40
295	40
296	40
297	40
298	40
299	40
300	40
301	40
302	40
303	40
304	40
305	40
306	40
307	40
308	40
309	40
310	40
311	40
312	40
313	40
314	40
315	40
316	40
317	40
318	41
319	41
320	41
321	41
322	41
323	41
324	41
325	41
326	41
327	41
328	41
329	41
330	41
331	41
332	41
333	41
334	41
335	41
336	41
337	41
338	41
339	41
340	41
341	42
342	42
343	42
344	42
345	42
346	42
347	42
348	42
349	42
350	42
351	42
352	42
353	42
354	42
355	42
356	42
357	42
358	42
359	42
360	42
361	42
362	42
363	42
364	42
365	42
366	42
367	42
368	42
369	42
370	42
371	42
372	42
373	42
374	42
375	42
376	42
377	42
378	42
379	42
380	42
381	42
382	42
383	42
384	42
385	42
386	42
387	42
388	42
389	42
390	42
391	42
392	42
393	42
394	42
395	42
396	42
397	42
398	42
399	42
400	42
401	42
402	42
403	42
404	42
405	42
406	42
407	43
408	43
409	43
410	43
411	43
412	43
413	43
414	43
415	43
416	43
417	44
418	44
419	44
420	44
421	44
422	44
423	44
424	44
425	44
426	45
427	45
428	45
429	45
430	45
431	45
432	45
433	45
434	45
435	45
436	45
437	45
438	45
439	45
440	45
441	45
442	45
443	45
444	45
445	45
446	45
447	45
448	45
449	45
450	45
451	45
452	45
453	45
454	45
455	45
456	45
457	45
458	45
459	45
460	45
461	45
462	45
463	45
464	45
465	45
466	45
467	45
468	45
469	45
470	45
471	45
472	45
473	45
474	45
475	45
476	45
477	45
478	45
479	45
480	45
481	45
482	45
483	45
484	45
485	45
486	45
487	45
488	45
489	45
490	45
491	46
492	46
493	46
494	46
495	46
496	46
497	46
498	46
499	46
500	46
501	46
502	46
503	46
504	46
505	46
506	46
507	46
508	46
509	46
510	46
511	46
512	46
513	46
514	46
515	46
516	47
517	47
518	47
519	47
520	47
521	47
522	47
523	47
524	47
525	47
526	47
527	47
528	47
529	47
530	47
531	47
532	47
533	47
534	47
535	47
536	47
537	47
538	47
539	47
540	47
541	47
542	47
543	47
544	47
545	47
546	47
547	47
548	47
549	47
550	47
551	47
552	47
553	47
554	47
555	47
556	47
557	47
558	47
559	47
560	47
561	47
562	47
563	47
564	47
565	47
566	47
567	47
568	47
569	47
570	47
571	47
572	47
573	47
574	47
575	47
576	47
577	47
578	47
579	47
580	47
581	47
582	47
583	47
584	47
585	47
586	47
587	47
588	47
589	47
590	47
591	47
592	47
593	47
594	47
595	47
596	47
597	47
598	47
599	47
600	47
601	47
602	47
603	47
604	47
605	47
606	47
607	47
608	47
609	47
610	47
611	47
612	47
613	47
614	47
615	47
616	47
617	47
618	47
619	47
620	47
621	47
622	47
623	47
624	47
625	47
626	47
627	47
628	47
629	47
630	47
631	47
632	47
633	47
634	47
635	47
636	47
637	47
638	47
639	47
640	47
641	47
642	47
643	47
644	47
645	47
646	47
647	47
648	47
649	47
650	47
651	47
652	47
653	47
654	47
655	47
656	47
657	47
658	47
659	47
660	47
661	47
662	47
663	47
664	47
665	47
666	47
667	47
668	47
669	47
670	47
671	47
672	47
673	47
674	47
675	47
676	47
677	47
678	47
679	47
680	47
681	47
682	47
683	47
684	47
685	47
686	47
687	47
688	47
689	47
690	47
691	47
692	47
693	47
694	47
695	47
696	47
697	47
698	47
699	47
700	47
701	47
702	47
703	47
704	47
705	47
706	47
707	47
708	47
709	47
710	47
711	47
712	47
713	47
714	47
715	47
716	47
717	47
718	47
719	47
720	47
721	47
722	47
723	47
724	47
725	47
726	47
727	47
728	47
729	47
730	47
731	47
732	47
733	47
734	47
735	47
736	47
737	47
738	47
739	47
740	47
741	47
742	47
743	47
744	47
745	47
746	47
747	47
748	47
749	47
750	47
751	47
752	47
753	47
754	47
755	47
756	47
757	47
758	47
759	47
760	47
761	47
762	47
763	47
764	47
765	47
766	47
767	47
768	47
769	47
770	47
771	47
772	47
773	47
774	47
775	47
776	47
777	47
778	47
779	47
780	47
781	48
782	48
783	48
784	48
785	48
786	48
787	48
788	48
789	48
790	48
791	48
792	48
793	48
794	48
795	49
796	49
797	49
798	49
799	49
800	49
801	49
802	49
803	49
804	49
805	49
806	49
807	49
808	49
809	49
810	49
811	49
812	49
813	49
814	49
815	49
816	49
817	49
818	49
819	49
820	50
821	50
822	50
823	50
824	50
825	50
826	50
827	50
828	50
829	50
830	50
831	50
832	50
833	50
834	50
835	50
836	50
837	50
838	50
839	50
840	50
841	50
842	50
843	50
844	50
845	50
846	50
847	51
848	51
849	51
850	51
851	51
852	51
853	51
854	51
855	51
856	51
857	51
858	51
859	51
860	51
861	51
862	51
863	51
864	51
865	51
866	51
867	51
868	51
869	51
870	51
871	51
872	51
873	51
874	51
875	51
876	51
877	51
878	51
879	51
880	51
881	51
882	51
883	51
884	51
885	51
886	51
887	51
888	51
889	51
890	51
891	51
892	51
893	51
894	51
895	51
896	52
897	52
898	52
899	52
900	52
901	52
902	52
903	52
904	52
905	52
906	52
907	52
908	52
909	52
910	52
911	52
912	52
913	52
914	52
915	52
916	52
917	52
918	52
919	52
920	52
921	52
922	52
923	52
924	52
925	52
926	52
927	52
928	52
929	52
930	52
931	52
932	52
933	52
934	52
935	52
936	52
937	52
938	52
939	52
940	52
941	52
942	52
943	52
944	52
945	52
946	52
947	52
948	52
949	52
950	52
951	52
952	52
953	52
954	52
955	52
956	52
957	52
958	52
959	52
960	52
961	52
962	52
963	52
964	52
965	52
966	52
967	52
968	52
969	52
970	52
971	52
972	52
973	52
974	52
975	52
976	52
977	52
978	52
979	52
980	52
981	52
982	52
983	52
984	52
985	52
986	52
987	52
988	52
989	52
990	52
991	52
992	52
993	52
994	52
995	52
996	52
997	52
998	52
999	52
1000	52
1001	52
1002	52
1003	52
1004	52
1005	52
1006	52
1007	52
1008	52
1009	52
1010	52
1011	52
1012	52
1013	52
1014	52
1015	52
1016	52
1017	52
1018	52
1019	52
1020	52
1021	52
1022	52
1023	52
1024	52
1025	52
1026	52
1027	52
1028	52
1029	52
1030	52
1031	52
1032	52
1033	52
1034	52
1035	52
1036	52
1037	52
1038	52
1039	52
1040	52
1041	52
1042	52
1043	52
1044	52
1045	52
1046	52
1047	52
1048	52
1049	52
1050	52
1051	52
1052	52
1053	52
1054	52
1055	52
1056	52
1057	52
1058	52
1059	52
1060	52
1061	52
1062	52
1063	52
1064	52
1065	52
1066	52
1067	52
1068	52
1069	52
1070	52
1071	52
1072	52
1073	52
1074	52
1075	52
1076	52
1077	52
1078	52
1079	52
1080	52
1081	52
1082	52
1083	52
1084	52
1085	52
1086	52
1087	52
1088	52
1089	52
1090	52
1091	52
1092	52
1093	52
1094	52
1095	52
1096	52
1097	52
1098	52
1099	52
1100	52
1101	52
1102	52
1103	52
1104	52
1105	52
1106	52
1107	52
1108	52
1109	52
1110	52
1111	52
1112	52
1113	52
1114	52
1115	52
1116	52
1117	52
1118	52
1119	52
1120	52
1121	52
1122	52
1123	52
1124	52
1125	52
1126	52
1127	52
1128	52
1129	52
1130	52
1131	52
1132	52
1133	52
1134	52
1135	52
1136	52
1137	52
1138	52
1139	52
1140	52
1141	52
1142	52
1143	52
1144	52
1145	52
1146	52
1147	52
1148	52
1149	52
1150	52
1151	52
1152	52
1153	52
1154	52
1155	52
1156	52
1157	52
1158	52
1159	52
1160	52
1161	52
1162	52
1163	52
1164	52
1165	52
1166	52
1167	52
1168	52
1169	52
1170	52
1171	52
1172	52
1173	52
1174	52
1175	52
1176	52
1177	52
1178	52
1179	52
1180	52
1181	52
1182	52
1183	52
1184	52
1185	52
1186	52
1187	52
1188	52
1189	52
1190	52
1191	52
1192	52
1193	52
1194	52
1195	52
1196	52
1197	52
1198	52
1199	52
1200	52
1201	52
1202	52
1203	52
1204	52
1205	52
1206	52
1207	52
1208	52
1209	52
1210	52
1211	52
1212	52
1213	52
1214	52
1215	52
1216	52
1217	52
1218	52
1219	52
1220	52
1221	52
1222	52
1223	52
1224	52
1225	52
1226	52
1227	52
1228	52
1229	52
1230	52
1231	52
1232	52
1233	52
1234	52
1235	52
1236	52
1237	52
1238	52
1239	52
1240	52
1241	52
1242	52
1243	52
1244	52
1245	52
1246	52
1247	52
1248	52
1249	52
1250	52
1251	52
1252	52
1253	52
1254	52
1255	52
1256	52
1257	52
1258	52
1259	52
1260	52
1261	53
1262	53
1263	53
1264	53
1265	53
1266	53
1267	53
1268	53
1269	53
1270	53
1271	53
1272	53
1273	53
1274	53
1275	53
1276	53
1277	53
1278	53
1279	53
1280	53
1281	53
1282	53
1283	53
1284	53
1285	53
1286	53
1287	53
1288	53
1289	53
1290	53
1291	53
1292	53
1293	53
1294	53
1295	53
1296	53
1297	53
1298	53
1299	53
1300	53
1301	53
1302	53
1303	53
1304	53
1305	53
1306	53
1307	53
1308	53
1309	53
1310	53
1311	53
1312	53
1313	53
1314	53
1315	53
1316	53
1317	53
1318	53
1319	53
1320	53
1321	53
1322	53
1323	53
1324	53
1325	53
1326	53
1327	53
1328	53
1329	53
1330	53
1331	53
1332	53
1333	53
1334	53
1335	53
1336	53
1337	53
1338	53
1339	53
1340	53
1341	53
1342	53
1343	53
1344	53
1345	53
1346	53
1347	53
1348	53
1349	53
1350	53
1351	53
1352	53
1353	53
1354	53
1355	53
1356	53
1357	53
1358	53
1359	53
1360	53
1361	53
1362	53
1363	53
1364	53
1365	53
1366	53
1367	53
1368	53
1369	53
1370	53
1371	53
1372	53
1373	53
1374	53
1375	53
1376	53
1377	53
1378	53
1379	53
1380	53
1381	53
1382	53
1383	53
1384	53
1385	53
1386	53
1387	53
1388	53
1389	53
1390	53
1391	53
1392	53
1393	53
1394	53
1395	53
1396	53
1397	53
1398	53
1399	53
1400	53
1401	53
1402	53
1403	53
1404	53
1405	53
1406	53
1407	53
1408	53
1409	53
1410	53
1411	53
1412	53
1413	53
1414	53
1415	53
1416	53
1417	53
1418	53
1419	53
1420	53
1421	53
1422	53
1423	53
1424	53
1425	53
1426	53
1427	53
1428	53
1429	53
1430	53
1431	53
1432	53
1433	53
1434	53
1435	53
1436	53
1437	53
1438	53
1439	53
1440	53
1441	53
1442	53
1443	53
1444	53
1445	53
1446	53
1447	53
1448	53
1449	53
1450	53
1451	53
1452	53
1453	53
1454	53
1455	53
1456	53
1457	53
1458	53
1459	53
1460	53
1461	53
1462	53
1463	53
1464	53
1465	53
1466	53
1467	53
1468	53
1469	53
1470	53
1471	53
1472	53
1473	53
1474	53
1475	53
1476	53
1477	53
1478	53
1479	53
1480	53
1481	53
1482	53
1483	53
1484	53
1485	53
1486	53
1487	53
1488	53
1489	53
1490	53
1491	53
1492	53
1493	53
1494	53
1495	53
1496	53
1497	53
1498	53
1499	53
1500	53
1501	53
1502	53
1503	53
1504	53
1505	53
1506	53
1507	53
1508	53
1509	53
1510	53
1511	53
1512	53
1513	53
1514	53
1515	53
1516	53
1517	53
1518	53
1519	53
1520	53
1521	53
1522	53
1523	53
1524	53
1525	53
1526	53
1527	53
1528	53
1529	53
1530	53
1531	53
1532	53
1533	53
1534	53
1535	53
1536	53
1537	53
1538	53
1539	53
1540	53
1541	53
1542	53
1543	53
1544	53
1545	53
1546	53
1547	53
1548	53
1549	53
1550	53
1551	53
1552	53
1553	53
1554	53
1555	53
1556	53
1557	53
1558	53
1559	53
1560	53
1561	53
1562	53
1563	53
1564	53
1565	53
1566	53
1567	53
1568	53
1569	53
1570	53
1571	53
1572	53
1573	53
1574	53
1575	53
1576	53
1577	53
1578	53
1579	53
1580	53
1581	53
1582	53
1583	53
1584	53
1585	53
1586	53
1587	53
1588	53
1589	53
1590	53
1591	53
1592	53
1593	53
1594	53
1595	53
1596	53
1597	53
1598	53
1599	53
1600	53
1601	53
1602	53
1603	53
1604	53
1605	53
1606	53
1607	53
1608	53
1609	53
1610	53
1611	53
1612	53
1613	53
1614	53
1615	53
1616	53
1617	53
1618	53
1619	53
1620	53
1621	53
1622	53
1623	53
1624	53
1625	53
1626	53
1627	53
1628	53
1629	53
1630	53
1631	53
1632	53
1633	53
1634	53
1635	53
1636	53
1637	53
1638	53
1639	53
1640	53
1641	53
1642	53
1643	53
1644	53
1645	53
1646	53
1647	53
1648	53
1649	53
1650	53
1651	53
1652	53
1653	53
1654	53
1655	53
1656	53
1657	53
1658	53
1659	53
1660	53
1661	53
1662	53
1663	53
1664	53
1665	53
1666	53
1667	53
1668	53
1669	53
1670	53
1671	53
1672	53
1673	53
1674	53
1675	53
1676	53
1677	53
1678	53
1679	53
1680	53
1681	53
1682	53
1683	53
1684	53
1685	53
1686	53
1687	54
1688	54
1689	54
1690	54
1691	54
1692	54
1693	54
1694	54
1695	54
1696	54
1697	54
1698	54
1699	54
1700	54
1701	54
1702	54
1703	54
1704	54
1705	54
1706	54
1707	54
1708	54
1709	54
1710	54
1711	54
1712	54
1713	54
1714	54
1715	54
1716	54
1717	54
1718	54
1719	54
1720	54
1721	54
1722	54
1723	54
1724	54
1725	54
1726	54
1727	54
1728	54
1729	54
1730	54
1731	54
1732	54
1733	54
1734	54
1735	54
1736	54
1737	54
1738	54
1739	54
1740	54
1741	54
1742	54
1743	54
1744	54
1745	54
1746	54
1747	54
1748	54
1749	54
1750	54
1751	54
1752	54
1753	54
1754	54
1755	54
1756	54
1757	54
1758	54
1759	54
1760	54
1761	54
1762	54
1763	54
1764	54
1765	54
1766	54
1767	54
1768	54
1769	54
1770	54
1771	54
1772	54
1773	54
1774	54
1775	54
1776	54
1777	54
1778	54
1779	54
1780	54
1781	54
1782	54
1783	54
1784	54
1785	54
1786	54
1787	54
1788	54
1789	54
1790	54
1791	54
1792	54
1793	54
1794	54
1795	54
1796	54
1797	54
1798	54
1799	54
1800	54
1801	54
1802	54
1803	54
1804	54
1805	54
1806	54
1807	54
1808	54
1809	54
1810	54
1811	54
1812	54
1813	54
1814	54
1815	54
1816	54
1817	54
1818	54
1819	54
1820	54
1821	54
1822	54
1823	54
1824	54
1825	54
1826	54
1827	54
1828	54
1829	54
1830	54
1831	54
1832	54
1833	54
1834	54
1835	54
1836	54
1837	54
1838	54
1839	54
1840	54
1841	54
1842	54
1843	54
1844	54
1845	54
1846	54
1847	54
1848	54
1849	54
1850	54
1851	54
1852	54
1853	54
1854	54
1855	54
1856	54
1857	54
1858	54
1859	54
1860	54
1861	54
1862	54
1863	54
1864	54
1865	54
1866	54
1867	54
1868	54
1869	54
1870	54
1871	54
1872	54
1873	54
1874	54
1875	54
1876	54
1877	54
1878	54
1879	54
1880	54
1881	54
1882	54
1883	54
1884	54
1885	54
1886	54
1887	54
1888	54
1889	54
1890	54
1891	54
1892	54
1893	54
1894	54
1895	54
1896	54
1897	54
1898	54
1899	54
1900	54
1901	54
1902	54
1903	54
1904	54
1905	54
1906	54
1907	54
1908	54
1909	54
1910	54
1911	54
1912	54
1913	54
1914	54
1915	54
1916	54
1917	54
1918	54
1919	54
1920	54
1921	54
1922	54
1923	54
1924	54
1925	54
1926	54
1927	54
1928	54
1929	54
1930	54
1931	54
1932	54
1933	54
1934	54
1935	54
1936	54
1937	54
1938	54
1939	54
1940	54
1941	54
1942	54
1943	54
1944	54
1945	54
1946	54
1947	54
1948	54
1949	54
1950	54
1951	54
1952	54
1953	54
1954	54
1955	54
1956	54
1957	54
1958	54
1959	54
1960	54
1961	54
1962	54
1963	54
1964	54
1965	54
1966	54
1967	54
1968	54
1969	54
1970	54
1971	54
1972	54
1973	54
1974	54
1975	54
1976	54
1977	54
1978	54
1979	54
1980	54
1981	54
1982	54
1983	54
1984	54
1985	54
1986	54
1987	54
1988	54
1989	54
1990	54
1991	54
1992	54
1993	54
1994	54
1995	54
1996	54
1997	54
1998	54
1999	54
2000	54
2001	54
2002	54
2003	54
2004	54
2005	54
2006	54
2007	54
2008	54
2009	54
2010	54
2011	54
2012	54
2013	54
2014	54
2015	54
2016	54
2017	54
2018	54
2019	54
2020	54
2021	54
2022	54
2023	54
2024	54
2025	54
2026	54
2027	54
2028	54
2029	54
2030	54
2031	54
2032	54
2033	54
2034	54
2035	54
2036	54
2037	54
2038	54
2039	54
2040	54
2041	54
2042	54
2043	54
2044	54
2045	54
2046	54
2047	54
2048	54
2049	54
2050	54
2051	54
2052	54
2053	54
2054	54
2055	54
2056	54
2057	54
2058	54
2059	54
2060	54
2061	54
2062	54
2063	54
2064	54
2065	54
2066	54
2067	54
2068	54
2069	54
2070	54
2071	54
2072	54
2073	54
2074	54
2075	54
2076	54
2077	54
2078	54
2079	54
2080	54
2081	54
2082	54
2083	54
2084	54
2085	54
2086	54
2087	54
2088	54
2089	54
2090	54
2091	54
2092	54
2093	54
2094	54
2095	54
2096	54
2097	54
2098	54
2099	54
2100	54
2101	54
2102	54
2103	54
2104	54
2105	54
2106	54
2107	54
2108	54
2109	54
2110	54
2111	54
2112	54
2113	54
2114	54
2115	54
2116	54
2117	54
2118	54
2119	54
2120	54
2121	54
2122	54
2123	54
2124	54
2125	54
2126	54
2127	54
2128	54
2129	54
2130	54
2131	54
2132	54
2133	54
2134	54
2135	54
2136	54
2137	54
2138	54
2139	54
2140	54
2141	54
2142	54
2143	54
2144	54
2145	54
2146	54
2147	54
2148	54
2149	54
2150	54
2151	54
2152	54
2153	54
2154	54
2155	54
2156	54
2157	54
2158	54
2159	54
2160	54
2161	54
2162	54
2163	54
2164	54
2165	54
2166	54
2167	54
2168	54
2169	54
2170	54
2171	54
2172	54
2173	54
2174	54
2175	54
2176	54
2177	54
2178	54
2179	54
2180	54
2181	54
2182	54
2183	54
2184	54
2185	54
2186	54
2187	54
2188	54
2189	54
2190	54
2191	54
2192	54
2193	54
2194	54
2195	54
2196	54
2197	54
2198	54
2199	54
2200	54
2201	54
2202	54
2203	54
2204	54
2205	54
2206	54
2207	54
2208	54
2209	54
2210	54
2211	54
2212	54
2213	54
2214	54
2215	54
2216	54
2217	54
2218	54
2219	54
2220	54
2221	54
2222	54
2223	54
2224	54
2225	54
2226	54
2227	54
2228	54
2229	54
2230	54
2231	54
2232	54
2233	54
2234	54
2235	54
2236	54
2237	54
2238	54
2239	54
2240	54
2241	54
2242	54
2243	54
2244	54
2245	54
2246	54
2247	54
2248	54
2249	54
2250	54
2251	54
2252	54
2253	54
2254	54
2255	54
2256	54
2257	54
2258	54
2259	54
2260	54
2261	54
2262	54
2263	54
2264	54
2265	54
2266	54
2267	54
2268	54
2269	54
2270	54
2271	54
2272	54
2273	54
2274	54
2275	54
2276	54
2277	54
2278	54
2279	54
2280	54
2281	54
2282	54
2283	54
2284	54
2285	54
2286	54
2287	54
2288	54
2289	54
2290	54
2291	54
2292	54
2293	54
2294	54
2295	54
2296	54
2297	54
2298	54
2299	54
2300	54
2301	54
2302	54
2303	54
2304	54
2305	54
2306	54
2307	54
2308	54
2309	54
2310	54
2311	54
2312	54
2313	54
2314	54
2315	54
2316	54
2317	54
2318	54
2319	54
2320	54
2321	54
2322	54
2323	54
2324	54
2325	54
2326	54
2327	54
2328	54
2329	54
2330	54
2331	54
2332	54
2333	54
2334	54
2335	54
2336	54
2337	54
2338	54
2339	54
2340	54
2341	54
2342	54
2343	54
2344	54
2345	54
2346	54
2347	54
2348	55
2349	55
2350	55
2351	55
2352	55
2353	55
2354	55
2355	55
2356	55
2357	55
2358	55
2359	55
2360	55
2361	55
2362	55
2363	55
2364	55
2365	55
2366	55
2367	55
2368	55
2369	55
2370	55
2371	55
2372	55
2373	55
2374	55
2375	55
2376	55
2377	55
2378	55
2379	55
2380	55
2381	55
2382	55
2383	55
2384	55
2385	55
2386	55
2387	55
2388	55
2389	55
2390	55
2391	55
2392	55
2393	55
2394	55
2395	55
2396	55
2397	55
2398	55
2399	55
2400	55
2401	55
2402	55
2403	55
2404	55
2405	55
2406	55
2407	55
2408	55
2409	55
2410	55
2411	55
2412	55
2413	55
2414	55
2415	55
2416	55
2417	55
2418	55
2419	55
2420	55
2421	55
2422	55
2423	55
2424	55
2425	55
2426	55
2427	55
2428	55
2429	55
2430	55
2431	55
2432	56
