N	V
0	1
1	2
2	3
3	4
4	5
5	6
6	6
7	6
8	7
9	8
10	8
11	8
12	8
13	9
14	9
15	10
16	11
17	11
18	12
19	13
20	13
21	13
22	14
23	14
24	14
25	14
26	14
27	14
28	15
29	15
30	15
31	15
32	16
33	16
34	17
35	17
36	18
37	18
38	18
39	19
40	19
41	19
42	19
43	19
44	19
45	19
46	19
47	20
48	21
49	21
50	22
51	22
52	22
53	22
54	22
55	22
56	22
57	22
58	22
59	22
60	22
61	22
62	22
63	22
64	22
65	22
66	22
67	22
68	22
69	22
70	22
71	22
72	22
73	22
74	22
75	23
76	23
77	23
78	23
79	23
80	23
81	23
82	23
83	23
84	23
85	24
86	24
87	24
88	24
89	24
90	24
91	24
92	24
93	25
94	25
95	25
96	25
97	25
98	25
99	25
100	25
101	25
102	25
103	25
104	25
105	25
106	25
107	25
108	25
109	25
110	25
111	25
112	25
113	25
114	25
115	25
116	25
117	25
118	25
119	25
120	25
121	25
122	25
123	25
124	25
125	26
126	26
127	26
128	26
129	26
130	26
131	26
132	27
133	27
134	27
135	27
136	27
137	27
138	27
139	27
140	27
141	27
142	27
143	27
144	27
145	27
146	27
147	27
148	28
149	28
150	28
151	28
152	28
153	28
154	28
155	29
156	29
157	29
158	29
159	29
160	29
161	29
162	29
163	29
164	30
165	30
166	30
167	30
168	30
169	30
170	30
171	30
172	30
173	30
174	30
175	30
176	30
177	30
178	30
179	31
180	31
181	31
182	31
183	31
184	32
185	32
186	32
187	32
188	32
189	33
190	33
191	33
192	33
193	33
194	33
195	33
196	33
197	33
198	33
199	34
200	34
201	35
202	35
203	35
204	35
205	35
206	35
207	35
208	35
209	35
210	35
211	35
212	35
213	35
214	35
215	35
216	35
217	35
218	35
219	35
220	35
221	35
222	35
223	35
224	36
225	36
226	36
227	36
228	36
229	36
230	36
231	36
232	36
233	36
234	36
235	36
236	36
237	36
238	36
239	36
240	36
241	36
242	37
243	37
244	37
245	37
246	37
247	37
248	37
249	37
250	37
251	37
252	37
253	37
254	37
255	37
256	37
257	37
258	37
259	37
260	38
261	38
262	38
263	38
264	38
265	38
266	38
267	38
268	38
269	38
270	38
271	38
272	39
273	39
274	39
275	40
276	40
277	40
278	40
279	40
280	40
281	40
282	40
283	40
284	40
285	40
286	40
287	40
288	40
289	40
290	40
291	40
292	40
293	40
294	40
295	40
296	40
297	40
298	40
299	40
300	40
301	40
302	40
303	40
304	40
305	40
306	40
307	40
308	40
309	40
310	40
311	40
312	40
313	40
314	40
315	40
316	40
317	40
318	41
319	41
320	42
321	42
322	42
323	42
324	42
325	42
326	42
327	42
328	42
329	42
330	42
331	42
332	42
333	42
334	42
335	42
336	42
337	42
338	42
339	42
340	42
341	42
342	42
343	42
344	42
345	42
346	42
347	42
348	42
349	42
350	42
351	42
352	42
353	42
354	42
355	42
356	42
357	42
358	42
359	42
360	42
361	42
362	42
363	42
364	42
365	42
366	42
367	42
368	42
369	42
370	42
371	42
372	42
373	42
374	42
375	42
376	42
377	42
378	42
379	42
380	42
381	42
382	42
383	43
384	43
385	43
386	43
387	43
388	43
389	43
390	43
391	43
392	43
393	43
394	43
395	43
396	43
397	43
398	43
399	43
400	43
401	43
402	43
403	43
404	43
405	43
406	43
407	43
408	43
409	43
410	43
411	44
412	44
413	44
414	44
415	44
416	44
417	44
418	44
419	44
420	44
421	44
422	44
423	44
424	44
425	44
426	44
427	44
428	44
429	44
430	44
431	44
432	44
433	44
434	44
435	44
436	44
437	44
438	44
439	44
440	44
441	44
442	44
443	44
444	44
445	44
446	44
447	44
448	44
449	44
450	44
451	44
452	44
453	44
454	44
455	44
456	44
457	44
458	44
459	45
460	45
461	45
462	45
463	45
464	45
465	45
466	45
467	45
468	45
469	45
470	45
471	45
472	45
473	45
474	45
475	45
476	45
477	45
478	45
479	45
480	45
481	45
482	45
483	45
484	45
485	45
486	45
487	45
488	45
489	45
490	45
491	45
492	45
493	45
494	45
495	45
496	45
497	45
498	45
499	45
500	45
501	45
502	45
503	45
504	45
505	45
506	45
507	45
508	45
509	45
510	46
511	46
512	46
513	46
514	47
515	47
516	47
517	47
518	47
519	47
520	48
521	48
522	48
523	48
524	49
525	49
526	49
527	49
528	49
529	49
530	49
531	49
532	49
533	49
534	49
535	49
536	49
537	49
538	49
539	49
540	49
541	49
542	49
543	49
544	49
545	49
546	49
547	49
548	49
549	49
550	49
551	49
552	49
553	49
554	49
555	49
556	49
557	49
558	49
559	49
560	49
561	49
562	49
563	49
564	49
565	49
566	49
567	49
568	49
569	49
570	50
571	50
572	50
573	50
574	50
575	50
576	50
577	50
578	50
579	50
580	50
581	50
582	50
583	50
584	50
585	50
586	50
587	50
588	50
589	50
590	50
591	50
592	50
593	50
594	50
595	50
596	50
597	50
598	50
599	50
600	51
601	51
602	51
603	51
604	51
605	51
606	51
607	51
608	51
609	51
610	51
611	51
612	51
613	51
614	51
615	51
616	51
617	51
618	51
619	51
620	51
621	51
622	51
623	51
624	51
625	51
626	52
627	52
628	52
629	52
630	52
631	52
632	52
633	52
634	52
635	52
636	52
637	52
638	52
639	52
640	52
641	52
642	52
643	52
644	52
645	52
646	52
647	52
648	52
649	52
650	52
651	53
652	53
653	53
654	53
655	53
656	53
657	53
658	53
659	53
660	53
661	53
662	53
663	54
664	54
665	54
666	54
667	54
668	54
669	54
670	54
671	54
672	54
673	54
674	54
675	54
676	54
677	54
678	54
679	54
680	54
681	54
682	54
683	54
684	54
685	54
686	54
687	54
688	54
689	54
690	54
691	54
692	54
693	54
694	55
695	55
696	55
697	55
698	55
699	55
700	55
701	55
702	55
703	55
704	55
705	55
706	55
707	55
708	55
709	55
710	55
711	55
712	55
713	55
714	55
715	55
716	55
717	55
718	55
719	55
720	55
721	55
722	55
723	55
724	55
725	55
726	55
727	55
728	56
729	56
730	56
731	56
732	56
733	56
734	56
735	56
736	57
737	57
738	57
739	57
740	57
741	57
742	57
743	57
744	57
745	57
746	57
747	57
748	57
749	57
750	57
751	57
752	57
753	57
754	57
755	57
756	57
757	57
758	57
759	57
760	57
761	57
762	57
763	57
764	57
765	57
766	57
767	57
768	57
769	57
770	57
771	57
772	57
773	57
774	57
775	57
776	57
777	57
778	57
779	57
780	57
781	57
782	57
783	57
784	57
785	57
786	58
787	58
788	58
789	58
790	58
791	58
792	58
793	58
794	58
795	58
796	58
797	58
798	58
799	58
800	58
801	58
802	58
803	58
804	58
805	58
806	58
807	58
808	58
809	58
810	58
811	58
812	58
813	58
814	58
815	58
816	58
817	58
818	58
819	58
820	59
821	59
822	59
823	59
824	59
825	59
826	59
827	59
828	59
829	59
830	59
831	59
832	59
833	59
834	60
835	60
836	60
837	60
838	60
839	60
840	60
841	60
842	60
843	60
844	60
845	60
846	60
847	60
848	60
849	60
850	60
851	60
852	60
853	60
854	60
855	60
856	60
857	60
858	60
859	60
860	60
861	60
862	60
863	60
864	60
865	60
866	60
867	61
868	61
869	61
870	61
871	61
872	61
873	61
874	61
875	61
876	61
877	61
878	61
879	61
880	61
881	61
882	61
883	61
884	61
885	61
886	61
887	61
888	61
889	61
890	61
891	61
892	61
893	61
894	61
895	61
896	61
897	61
898	61
899	61
900	61
901	61
902	61
903	61
904	61
905	61
906	61
907	61
908	61
909	61
910	61
911	61
912	61
913	61
914	61
915	61
916	61
917	61
918	61
919	61
920	61
921	61
922	61
923	61
924	61
925	61
926	61
927	61
928	61
929	61
930	61
931	61
932	61
933	61
934	61
935	61
936	61
937	61
938	61
939	61
940	61
941	61
942	61
943	61
944	61
945	61
946	61
947	61
948	61
949	61
950	61
951	61
952	61
953	61
954	61
955	61
956	61
957	61
958	61
959	61
960	61
961	61
962	61
963	61
964	61
965	61
966	61
967	61
968	61
969	61
970	61
971	61
972	61
973	61
974	61
975	61
976	61
977	61
978	61
979	61
980	61
981	61
982	61
983	61
984	61
985	61
986	61
987	61
988	61
989	61
990	61
991	61
992	61
993	61
994	61
995	61
996	61
997	61
998	61
999	61
1000	61
1001	61
1002	61
1003	61
1004	61
1005	61
1006	61
1007	61
1008	61
1009	61
1010	61
1011	61
1012	61
1013	61
1014	61
1015	61
1016	61
1017	61
1018	61
1019	61
1020	61
1021	61
1022	61
1023	61
1024	61
1025	61
1026	61
1027	61
1028	61
1029	61
1030	61
1031	61
1032	61
1033	61
1034	61
1035	61
1036	61
1037	61
1038	61
1039	61
1040	61
1041	61
1042	61
1043	61
1044	61
1045	61
1046	61
1047	61
1048	61
1049	61
1050	61
1051	61
1052	61
1053	61
1054	61
1055	61
1056	61
1057	61
1058	61
1059	61
1060	61
1061	61
1062	61
1063	61
1064	61
1065	61
1066	61
1067	61
1068	61
1069	61
1070	61
1071	61
1072	61
1073	61
1074	61
1075	61
1076	61
1077	61
1078	61
1079	61
1080	61
1081	61
1082	61
1083	61
1084	61
1085	61
1086	61
1087	61
1088	61
1089	61
1090	61
1091	61
1092	61
1093	61
1094	61
1095	61
1096	61
1097	61
1098	61
1099	61
1100	61
1101	61
1102	61
1103	61
1104	61
1105	61
1106	61
1107	61
1108	61
1109	61
1110	61
1111	61
1112	61
1113	61
1114	61
1115	61
1116	61
1117	61
1118	61
1119	61
1120	61
1121	61
1122	61
1123	61
1124	61
1125	61
1126	61
1127	61
1128	61
1129	61
1130	61
1131	61
1132	61
1133	61
1134	61
1135	61
1136	61
1137	61
1138	61
1139	61
1140	61
1141	61
1142	61
1143	61
1144	61
1145	61
1146	61
1147	61
1148	61
1149	61
1150	61
1151	61
1152	61
1153	61
1154	61
1155	61
1156	61
1157	61
1158	61
1159	61
1160	61
1161	61
1162	61
1163	61
1164	61
1165	61
1166	61
1167	61
1168	61
1169	61
1170	61
1171	61
1172	61
1173	61
1174	61
1175	61
1176	61
1177	61
1178	61
1179	61
1180	61
1181	61
1182	61
1183	61
1184	61
1185	61
1186	61
1187	61
1188	61
1189	61
1190	61
1191	61
1192	61
1193	61
1194	61
1195	61
1196	61
1197	61
1198	61
1199	61
1200	61
1201	61
1202	61
1203	61
1204	61
1205	61
1206	61
1207	61
1208	61
1209	61
1210	61
1211	61
1212	61
1213	61
1214	61
1215	61
1216	61
1217	61
1218	61
1219	61
1220	61
1221	61
1222	61
1223	61
1224	61
1225	61
1226	61
1227	61
1228	61
1229	61
1230	61
1231	61
1232	61
1233	61
1234	61
1235	61
1236	61
1237	61
1238	61
1239	61
1240	61
1241	61
1242	61
1243	61
1244	61
1245	61
1246	61
1247	61
1248	61
1249	61
1250	61
1251	61
1252	61
1253	61
1254	61
1255	61
1256	61
1257	61
1258	61
1259	61
1260	61
1261	61
1262	61
1263	61
1264	61
1265	61
1266	61
1267	61
1268	61
1269	61
1270	61
1271	61
1272	61
1273	61
1274	61
1275	61
1276	61
1277	61
1278	61
1279	61
1280	61
1281	61
1282	61
1283	61
1284	61
1285	61
1286	61
1287	61
1288	61
1289	61
1290	61
1291	61
1292	61
1293	61
1294	61
1295	61
1296	61
1297	61
1298	62
1299	62
1300	62
1301	62
1302	62
1303	62
1304	62
1305	62
1306	62
1307	62
1308	62
1309	62
1310	62
1311	62
1312	62
1313	62
1314	62
1315	62
1316	62
1317	62
1318	62
1319	62
1320	62
1321	62
1322	62
1323	62
1324	62
1325	62
1326	62
1327	62
1328	62
1329	62
1330	62
1331	62
1332	62
1333	62
1334	62
1335	62
1336	62
1337	62
1338	62
1339	62
1340	62
1341	62
1342	62
1343	62
1344	62
1345	62
1346	62
1347	62
1348	62
1349	62
1350	62
1351	62
1352	62
1353	62
1354	62
1355	62
1356	62
1357	62
1358	62
1359	62
1360	62
1361	62
1362	62
1363	62
1364	62
1365	62
1366	62
1367	62
1368	62
1369	62
1370	62
1371	62
1372	62
1373	62
1374	62
1375	62
1376	62
1377	62
1378	62
1379	62
1380	62
1381	62
1382	62
1383	62
1384	62
1385	62
1386	62
1387	62
1388	62
1389	62
1390	62
1391	62
1392	62
1393	62
1394	62
1395	62
1396	62
1397	62
1398	62
1399	62
1400	62
1401	62
1402	62
1403	62
1404	62
1405	62
1406	62
1407	62
1408	62
1409	62
1410	62
1411	62
1412	62
1413	62
1414	62
1415	62
1416	62
1417	62
1418	62
1419	62
1420	62
1421	62
1422	62
1423	62
1424	62
1425	62
1426	62
1427	62
1428	62
1429	62
1430	62
1431	62
1432	62
1433	62
1434	62
1435	62
1436	62
1437	62
1438	62
1439	62
1440	62
1441	62
1442	62
1443	62
1444	62
1445	62
1446	62
1447	62
1448	62
1449	62
1450	62
1451	62
1452	62
1453	62
1454	62
1455	62
1456	62
1457	62
1458	62
1459	62
1460	62
1461	62
1462	62
1463	62
1464	62
1465	62
1466	62
1467	62
1468	62
1469	62
1470	62
1471	62
1472	62
1473	62
1474	62
1475	62
1476	62
1477	62
1478	62
1479	62
1480	62
1481	62
1482	62
1483	62
1484	62
1485	62
1486	62
1487	62
1488	62
1489	62
1490	62
1491	62
1492	62
1493	62
1494	62
1495	62
1496	62
1497	62
1498	62
1499	62
1500	62
1501	62
1502	62
1503	62
1504	62
1505	62
1506	62
1507	62
1508	62
1509	62
1510	62
1511	62
1512	62
1513	62
1514	62
1515	62
1516	62
1517	62
1518	62
1519	62
1520	62
1521	62
1522	62
1523	62
1524	62
1525	62
1526	62
1527	62
1528	62
1529	62
1530	62
1531	62
1532	62
1533	62
1534	62
1535	62
1536	62
1537	62
1538	62
1539	62
1540	62
1541	62
1542	62
1543	62
1544	62
1545	62
1546	62
1547	62
1548	62
1549	62
1550	62
1551	62
1552	62
1553	62
1554	62
1555	62
1556	62
1557	62
1558	62
1559	62
1560	62
1561	62
1562	62
1563	62
1564	62
1565	62
1566	62
1567	62
1568	62
1569	62
1570	62
1571	62
1572	62
1573	62
1574	62
1575	62
1576	62
1577	62
1578	62
1579	62
1580	62
1581	62
1582	62
1583	62
1584	62
1585	62
1586	62
1587	62
1588	62
1589	62
1590	62
1591	62
1592	62
1593	62
1594	62
1595	62
1596	62
1597	62
1598	62
1599	62
1600	62
1601	62
1602	62
1603	62
1604	62
1605	62
1606	62
1607	62
1608	62
1609	62
1610	62
1611	62
1612	62
1613	62
1614	62
1615	62
1616	62
1617	62
1618	62
1619	62
1620	62
1621	62
1622	62
1623	62
1624	62
1625	62
1626	62
1627	62
1628	62
1629	62
1630	62
1631	62
1632	62
1633	62
1634	62
1635	62
1636	62
1637	62
1638	62
1639	62
1640	62
1641	62
1642	62
1643	62
1644	62
1645	62
1646	62
1647	62
1648	62
1649	62
1650	62
1651	62
1652	62
1653	62
1654	62
1655	62
1656	62
1657	62
1658	62
1659	62
1660	62
1661	62
1662	62
1663	62
1664	62
1665	62
1666	62
1667	62
1668	62
1669	62
1670	62
1671	62
1672	62
1673	62
1674	62
1675	62
1676	62
1677	62
1678	62
1679	62
1680	62
1681	62
1682	62
1683	62
1684	62
1685	62
1686	62
1687	62
1688	62
1689	62
1690	62
1691	62
1692	62
1693	62
1694	63
1695	63
1696	63
1697	63
1698	63
1699	63
1700	63
1701	63
1702	64
1703	64
1704	64
1705	64
1706	64
1707	64
1708	64
1709	64
1710	64
1711	64
1712	64
1713	64
1714	64
1715	64
1716	64
1717	64
1718	64
1719	64
1720	64
1721	64
1722	64
1723	64
1724	64
1725	64
1726	64
1727	64
1728	64
1729	64
1730	64
1731	64
1732	64
1733	64
1734	64
1735	64
1736	64
1737	64
1738	64
1739	64
1740	64
1741	64
1742	64
1743	64
1744	64
1745	64
1746	64
1747	64
1748	64
1749	64
1750	64
1751	64
1752	64
1753	64
1754	64
1755	64
1756	64
1757	64
1758	64
1759	64
1760	64
1761	64
1762	64
1763	64
1764	64
1765	64
1766	64
1767	64
1768	64
1769	64
1770	64
1771	64
1772	64
1773	64
1774	64
1775	64
1776	64
1777	64
1778	64
1779	64
1780	64
1781	64
1782	64
1783	64
1784	64
1785	64
1786	64
1787	64
1788	64
1789	64
1790	64
1791	64
1792	64
1793	64
1794	64
1795	64
1796	64
1797	64
1798	64
1799	64
1800	64
1801	64
1802	64
1803	64
1804	64
1805	64
1806	64
1807	64
1808	64
1809	64
1810	64
1811	64
1812	64
1813	64
1814	64
1815	64
1816	64
1817	64
1818	64
1819	64
1820	64
1821	64
1822	64
1823	64
1824	64
1825	64
1826	64
1827	64
1828	64
1829	64
1830	64
1831	64
1832	64
1833	64
1834	64
1835	64
1836	64
1837	64
1838	64
1839	64
1840	64
1841	64
1842	64
1843	64
1844	64
1845	64
1846	64
1847	64
1848	64
1849	64
1850	64
1851	64
1852	64
1853	64
1854	64
1855	64
1856	64
1857	64
1858	64
1859	64
1860	64
1861	64
1862	64
1863	64
1864	64
1865	64
1866	64
1867	64
1868	64
1869	64
1870	64
1871	64
1872	64
1873	64
1874	64
1875	64
1876	64
1877	64
1878	64
1879	64
1880	64
1881	64
1882	64
1883	64
1884	64
1885	64
1886	64
1887	64
1888	64
1889	64
1890	64
1891	64
1892	64
1893	64
1894	64
1895	64
1896	64
1897	64
1898	64
1899	64
1900	64
1901	64
1902	64
1903	64
1904	64
1905	64
1906	64
1907	64
1908	64
1909	64
1910	64
1911	64
1912	64
1913	64
1914	64
1915	64
1916	64
1917	64
1918	64
1919	64
1920	64
1921	64
1922	64
1923	64
1924	64
1925	64
1926	64
1927	64
1928	64
1929	64
1930	64
1931	64
1932	64
1933	64
1934	64
1935	64
1936	64
1937	64
1938	64
1939	64
1940	64
1941	64
1942	64
1943	64
1944	64
1945	64
1946	64
1947	64
1948	64
1949	64
1950	64
1951	64
1952	64
1953	64
1954	64
1955	64
1956	64
1957	64
1958	64
1959	64
1960	64
1961	64
1962	64
1963	64
1964	64
1965	64
1966	64
1967	64
1968	64
1969	64
1970	64
1971	64
1972	64
1973	64
1974	64
1975	64
1976	64
1977	64
1978	64
1979	64
1980	64
1981	64
1982	64
1983	64
1984	64
1985	64
1986	64
1987	64
1988	64
1989	64
1990	64
1991	64
1992	64
1993	64
1994	64
1995	64
1996	64
1997	64
1998	64
1999	64
2000	64
2001	64
2002	64
2003	64
2004	64
2005	64
2006	64
2007	64
2008	64
2009	64
2010	64
2011	64
2012	64
2013	64
2014	64
2015	64
2016	64
2017	64
2018	64
2019	64
2020	64
2021	64
2022	64
2023	64
2024	64
2025	64
2026	64
2027	64
2028	64
2029	64
2030	64
2031	64
2032	64
2033	64
2034	64
2035	64
2036	64
2037	64
2038	64
2039	64
2040	64
2041	64
2042	64
2043	64
2044	64
2045	64
2046	64
2047	64
2048	64
2049	64
2050	64
2051	64
2052	64
2053	64
2054	64
2055	64
2056	64
2057	64
2058	64
2059	64
2060	64
2061	64
2062	64
2063	64
2064	64
2065	64
2066	64
2067	65
2068	65
2069	65
2070	65
2071	65
2072	65
2073	65
2074	65
2075	65
2076	65
2077	65
2078	65
2079	65
2080	65
2081	65
2082	65
2083	65
2084	65
2085	65
2086	65
2087	65
2088	65
2089	65
2090	65
2091	65
2092	65
2093	65
2094	65
2095	65
2096	65
2097	65
2098	65
2099	65
2100	65
2101	65
2102	65
2103	65
2104	65
2105	65
2106	65
2107	65
2108	65
2109	65
2110	65
2111	65
2112	65
2113	65
2114	65
2115	65
2116	65
2117	65
2118	65
2119	65
2120	65
2121	65
2122	65
2123	65
2124	65
2125	65
2126	65
2127	65
2128	65
2129	65
2130	65
2131	65
2132	65
2133	65
2134	65
2135	65
2136	65
2137	65
2138	65
2139	65
2140	65
2141	65
2142	65
2143	65
2144	65
2145	65
2146	65
2147	65
2148	65
2149	65
2150	65
2151	65
2152	65
2153	65
2154	65
2155	65
2156	65
2157	65
2158	65
2159	65
2160	65
2161	65
2162	65
2163	65
2164	65
2165	65
2166	65
2167	65
2168	65
2169	65
2170	65
2171	65
2172	65
2173	65
2174	65
2175	65
2176	65
2177	65
2178	65
2179	65
2180	65
2181	65
2182	65
2183	65
2184	65
2185	65
2186	65
2187	65
2188	65
2189	65
2190	65
2191	65
2192	65
2193	65
2194	65
2195	65
2196	65
2197	65
2198	65
2199	65
2200	65
2201	65
2202	65
2203	65
2204	65
2205	65
2206	65
2207	65
2208	65
2209	65
2210	65
2211	65
2212	65
2213	65
2214	65
2215	65
2216	65
2217	65
2218	65
2219	65
2220	65
2221	65
2222	65
2223	65
2224	65
2225	65
2226	65
2227	65
2228	65
2229	65
2230	65
2231	65
2232	65
2233	65
2234	65
2235	65
2236	65
2237	65
2238	65
2239	65
2240	65
2241	65
2242	65
2243	65
2244	65
2245	65
2246	65
2247	65
2248	65
2249	65
2250	65
2251	65
2252	65
2253	65
2254	65
2255	65
2256	65
2257	65
2258	65
2259	65
2260	65
2261	65
2262	65
2263	65
2264	65
2265	65
2266	65
2267	65
2268	65
2269	65
2270	65
2271	65
2272	65
2273	65
2274	65
2275	65
2276	65
2277	65
2278	65
2279	65
2280	65
2281	65
2282	65
2283	65
2284	65
2285	65
2286	65
2287	65
2288	65
2289	65
2290	66
2291	66
2292	66
2293	66
2294	66
2295	66
2296	66
2297	66
2298	66
2299	66
2300	66
2301	66
2302	66
2303	66
2304	66
2305	66
2306	66
2307	66
2308	66
2309	66
2310	66
2311	66
2312	66
2313	66
2314	66
2315	66
2316	66
2317	66
2318	66
2319	66
2320	66
2321	66
2322	66
2323	66
2324	66
2325	66
2326	66
2327	66
2328	66
2329	66
2330	66
2331	66
2332	66
2333	66
2334	66
2335	66
2336	66
2337	66
2338	66
2339	66
2340	66
2341	66
2342	66
2343	66
2344	66
2345	66
2346	66
2347	66
2348	66
2349	66
2350	66
2351	66
2352	66
2353	66
2354	66
2355	66
2356	66
2357	66
2358	66
2359	66
2360	66
2361	66
2362	66
2363	66
2364	66
2365	66
2366	66
2367	66
2368	66
2369	66
2370	66
2371	67
2372	67
2373	67
2374	67
2375	67
2376	67
2377	67
2378	67
2379	67
2380	67
2381	67
2382	67
2383	67
2384	67
2385	67
2386	67
2387	67
2388	67
2389	67
2390	67
2391	67
2392	67
2393	67
2394	67
2395	67
2396	67
2397	67
2398	67
2399	67
2400	67
2401	67
2402	67
2403	67
2404	67
2405	67
2406	67
2407	67
2408	67
2409	67
2410	67
2411	67
2412	67
2413	67
2414	67
2415	67
2416	67
2417	67
2418	68
2419	68
2420	68
2421	68
2422	68
2423	68
2424	68
2425	68
2426	68
2427	68
2428	68
2429	68
2430	68
2431	68
2432	68
2433	68
2434	68
2435	68
2436	68
2437	68
2438	68
2439	68
2440	68
2441	68
2442	68
2443	68
2444	68
2445	69
